2009:095:02:20:00.00   -1836605.33    8671798.17   -1429464.08 07-08    00    (     0.102446,       95.652177)   3750.00 0.03618
2009:095:02:40:00.00    -729044.75    -403258.70     274934.78 06-07    00    (     2.218365,       23.991627)  12931.00 0.00903
2009:095:02:40:00.00   -2300368.96    8340891.50   -1024044.75 06-08    00    (     0.115541,       72.397770)   2068.97 0.04729
2009:095:02:40:00.00   -1571324.21    8744150.19   -1298979.53 07-08    00    (     0.075499,      118.490975)   3750.00 0.03640
2009:095:03:00:00.00    -722331.91    -372445.25     330505.83 06-07    00    (     2.214842,       23.129399)  12931.00 0.00902
2009:095:03:00:00.00   -2016350.74    8432537.58    -858763.97 06-08    00    (     0.177683,       33.183727)   2068.97 0.04713
2009:095:03:00:00.00   -1294018.83    8804982.84   -1189269.80 07-08    00    (     0.079353,       11.098635)   3750.00 0.03676
2009:095:03:20:00.00    -710091.56    -342034.20     385351.20 06-07    00    (     2.237571,       22.707741)  12931.00 0.00901
2009:095:03:20:00.00   -1716902.78    8511796.40    -715823.25 06-08    00    (     0.050466,       33.753991)   2068.97 0.04718
2009:095:03:20:00.00   -1006811.22    8853830.59   -1101174.44 07-08    00    (     0.106415,       54.664720)   3750.00 0.03731
2009:095:03:40:00.00    -692417.37    -312258.24     439051.18 06-07    00    (     2.252104,       22.193121)  12931.00 0.00899
2009:095:03:40:00.00   -1404316.55    8578061.42    -596316.40 06-08    00    (     0.056347,        2.387074)   2068.97 0.04748
2009:095:03:40:00.00    -711899.18    8890319.66   -1035367.58 07-08    00    (     0.058585,       14.882593)   3750.00 0.03804
2009:095:04:00:00.00   -3353860.25   -5673338.93    -286396.05 05-06    00    (     0.143211,      -55.149905) 188088.00 0.00655
2009:095:04:00:00.00   -4023304.84   -5956684.17     204798.80 05-07    00    (     0.178551,      -21.425920) 340909.00 0.00652
2009:095:04:00:00.00   -4434844.32    2957486.65    -787553.99 05-08    00    (     0.426183,     -142.625931)  54545.40 0.00870
2009:095:04:00:00.00    -669444.59    -283345.24     491194.84 06-07    00    (     2.287377,       21.298896)  12931.00 0.00898
2009:095:04:00:00.00   -1080984.07    8630825.58    -501157.94 06-08    00    (     0.036387,       35.430988)   2068.97 0.04808
2009:095:04:00:00.00    -411539.48    8914170.82    -992352.78 07-08    00    (     0.057147,        2.665365)   3750.00 0.03898
2009:095:04:20:00.00   -3603351.98   -5525633.88     -20014.74 05-06    00    (     0.150110,      -46.219186) 188088.00 0.00695
2009:095:04:20:00.00   -4244700.99   -5781150.33     521368.44 05-07    00    (     0.179237,      -22.455109) 340909.00 0.00689
2009:095:04:20:00.00   -4352731.53    3144051.21    -451090.78 05-08    00    (     0.397793,     -139.159645)  54545.40 0.00851
2009:095:04:20:00.00    -641349.01    -255516.45     541383.18 06-07    00    (     2.286323,       20.442427)  12931.00 0.00896
2009:095:04:20:00.00    -749379.55    8669685.10    -431076.04 06-08    00    (     0.016666,      -85.775663)   2068.97 0.04900
2009:095:04:20:00.00    -108030.54    8925201.55    -972459.22 07-08    00    (     0.079216,       46.857528)   3750.00 0.04015
2009:095:04:40:00.00   -3825269.74   -5367920.58     264416.14 05-06    00    (     0.154587,      -50.533878) 188088.00 0.00733
2009:095:04:40:00.00   -4433615.37   -5596905.40     853648.27 05-07    00    (     0.186997,      -24.473623) 340909.00 0.00719
2009:095:04:40:00.00   -4237310.29    3326422.04    -122190.85 05-08    00    (     0.365257,     -139.099952)  54545.40 0.00825
2009:095:04:40:00.00    -608345.63    -228984.82     589232.13 06-07    00    (     2.311130,       18.851561)  12931.00 0.00894
2009:095:04:40:00.00    -412040.55    8694342.62    -386606.99 06-08    00    (     0.063913,       19.405225)   2068.97 0.05026
2009:095:04:40:00.00     196305.08    8923327.43    -975839.12 07-08    00    (     0.122155,      -27.680050)   3750.00 0.04155
2009:095:05:00:00.00   -4017915.36   -5201405.90     564720.03 05-06    00    (     0.164147,      -53.922696) 188088.00 0.00766
2009:095:05:00:00.00   -4588602.37   -5405359.27    1199095.57 05-07    00    (     0.192836,      -25.394577) 340909.00 0.00742
2009:095:05:00:00.00   -4089463.85    3503203.56     196628.95 05-08    00    (     0.334805,     -137.484987)  54545.40 0.00795
2009:095:05:00:00.00    -570687.00    -203953.37     634375.54 06-07    00    (     2.331722,       17.910085)  12931.00 0.00892
2009:095:05:00:00.00     -71548.49    8704609.45    -368091.09 06-08    00    (     0.047019,        3.874557)   2068.97 0.05191
2009:095:05:00:00.00     499138.52    8908562.82   -1002466.62 07-08    00    (     0.050215,      -28.958785)   3750.00 0.04318
2009:095:05:20:00.00   -4179814.65   -5027364.05     878598.91 05-06    00    (     0.183070,      -60.631412) 188088.00 0.00791
2009:095:05:20:00.00   -4708475.96   -5207977.72    1555066.86 05-07    00    (     0.183384,      -34.673845) 340909.00 0.00754
2009:095:05:20:00.00   -3910323.57    3673042.98     502928.90 05-08    00    (     0.302777,     -137.845485)  54545.40 0.00762
2009:095:05:20:00.00    -528661.31    -180613.67     676467.95 06-07    00    (     2.340759,       15.989090)  12931.00 0.00890
2009:095:05:20:00.00     269491.08    8700407.03    -375670.01 06-08    00    (     0.149386,       43.792826)   2068.97 0.05394
2009:095:05:20:00.00     798152.38    8881020.70   -1052137.96 07-08    00    (     0.134316,       13.875937)   3750.00 0.04504
2009:095:05:40:00.00   -4309728.71   -4847126.86    1203650.90 05-06    00    (     0.180829,      -67.806231) 188088.00 0.00808
2009:095:05:40:00.00   -4792318.84   -5006271.16    1918838.16 05-07    00    (     0.206112,      -36.936587) 340909.00 0.00755
2009:095:05:40:00.00   -3701260.29    3834640.66     794365.12 05-08    00    (     0.276291,     -138.055696)  54545.40 0.00727
2009:095:05:40:00.00    -482590.13    -159144.30     715187.26 06-07    00    (     2.361898,       14.754099)  12931.00 0.00889
2009:095:05:40:00.00     608468.42    8681767.52    -409285.78 06-08    00    (     0.100116,      -10.161647)   2068.97 0.05638
2009:095:05:40:00.00    1091058.55    8840911.82   -1124473.04 07-08    00    (     0.119928,        5.602434)   3750.00 0.04712
2009:095:06:00:00.00   -4406663.40   -4662073.56    1537388.59 05-06    00    (     0.188099,      -76.506389) 188088.00 0.00816
2009:095:06:00:00.00   -4839489.42   -4801783.13    2287625.77 05-07    00    (     0.205107,      -48.941878) 340909.00 0.00744
2009:095:06:00:00.00   -3463873.82    3986759.99    1068707.45 05-08    00    (     0.254505,     -145.611901)  54545.40 0.00693
2009:095:06:00:00.00    -432826.02    -139709.56     750237.18 06-07    00    (     2.386283,       13.021799)  12931.00 0.00887
2009:095:06:00:00.00     942789.58    8648833.55    -468681.14 06-08    00    (     0.180964,       10.043454)   2068.97 0.05923
2009:095:06:00:00.00    1375615.60    8788543.11   -1218918.32 07-08    00    (     0.128577,      -32.886527)   3750.00 0.04940
2009:095:06:20:00.00   -4469876.94   -4473620.23    1877258.12 05-06    00    (     0.194563,      -79.484914) 188088.00 0.00812
2009:095:06:20:00.00   -4849626.73   -4596078.41    2658607.62 05-07    00    (     0.205028,      -56.573536) 340909.00 0.00722
2009:095:06:20:00.00   -3199980.72    4128236.90    1323856.53 05-08    00    (     0.226613,     -148.766282)  54545.40 0.00660
2009:095:06:20:00.00    -379749.79    -122458.18     781349.50 06-07    00    (     2.417564,       11.403337)  12931.00 0.00885
2009:095:06:20:00.00    1269896.22    8601857.14    -553401.59 06-08    00    (     0.167875,        8.267460)   2068.97 0.06247
2009:095:06:20:00.00    1649646.01    8724315.32   -1334751.09 07-08    00    (     0.120054,        8.105900)   3750.00 0.05183
2009:095:06:40:00.00   -4498885.60   -4283208.99    2220658.70 05-06    00    (     0.213267,      -95.110461) 188088.00 0.00798
2009:095:06:40:00.00   -4822653.20   -4390731.14    3028944.83 05-07    00    (     0.196677,      -67.223892) 340909.00 0.00690
2009:095:06:40:00.00   -2911600.38    4257988.78    1557859.88 05-08    00    (     0.217661,     -154.681085)  54545.40 0.00630
2009:095:06:40:00.00    -323767.60    -107522.16     808286.14 06-07    00    (     2.430144,        9.269607)  12931.00 0.00884
2009:095:06:40:00.00    1587285.22    8541197.77    -662798.81 06-08    00    (     0.069169,       89.047485)   2068.97 0.06608
2009:095:06:40:00.00    1911052.82    8648719.93   -1471084.95 07-08    00    (     0.067628,      -60.891312)   3750.00 0.05437
2009:095:07:00:00.00   -4493467.40   -4092296.90    2564962.51 05-06    00    (     0.222533,     -105.622555) 188088.00 0.00773
2009:095:07:00:00.00   -2600939.59    4375022.72    1768926.83 05-08    00    (     0.196883,     -157.967395)  54545.40 0.00604
2009:095:07:00:00.00    1892527.81    8467319.62    -796035.67 06-08    00    (     0.019871,     -114.668321)   2068.97 0.07001
2009:095:07:20:00.00   -4453663.80   -3902344.90    2907534.85 05-06    00    (     0.246383,     -111.381117) 188088.00 0.00740
2009:095:07:20:00.00   -2270375.59    4478443.14    1955442.25 05-08    00    (     0.174689,     -162.863724)  54545.40 0.00581
2009:095:07:20:00.00    2183288.21    8380788.04    -952092.61 06-08    00    (     0.263387,       18.360765)   2068.97 0.07418
2009:095:07:40:00.00   -1854737.12    2356705.58   -2915838.26 04-05    00    (     0.753151,       87.198264) 136364.00 0.00313
2009:095:07:40:00.00   -3777175.09    6924164.23    -799859.42 04-08    00    (     0.154184,       44.224391)   1500.00 0.05657
2009:095:07:40:00.00   -1922437.98    4567458.64    2115978.84 05-08    00    (     0.141675,     -167.659083)  54545.40 0.00564
2009:095:08:00:00.00   -1970623.06    2437919.87   -2769370.91 04-05    00    (     0.700608,       94.847882) 136364.00 0.00318
2009:095:08:00:00.00   -3530412.33    7079307.91    -520062.76 04-08    00    (     0.156751,       72.571418)   1500.00 0.05481
2009:095:08:00:00.00   -1559789.28    4641388.04    2249308.14 05-08    00    (     0.133612,     -177.610321)  54545.40 0.00551
2009:095:08:20:00.00   -2071429.18    2523734.63   -2614606.74 04-05    00    (     0.662750,      102.064258) 136364.00 0.00323
2009:095:08:20:00.00   -3256633.78    7223400.24    -260196.87 04-08    00    (     0.143601,       34.164975)   1500.00 0.05314
2009:095:08:20:00.00   -1185204.60    4699665.61    2354409.87 05-08    00    (     0.126629,     -179.298344)  54545.40 0.00544
2009:095:08:40:00.00   -2156384.09    2613493.19   -2452730.06 04-05    00    (     0.613147,      109.416467) 136364.00 0.00328
2009:095:08:40:00.00   -2957934.45    7355338.59     -22250.30 04-08    00    (     0.150684,       32.662846)   1500.00 0.05162
2009:095:08:40:00.00    -801550.36    4741845.40    2430479.77 05-08    00    (     0.114761,     -178.250940)  54545.40 0.00542
2009:095:09:00:00.00   -2224837.69    2706508.68   -2284979.60 04-05    00    (     0.576792,      115.464853) 136364.00 0.00332
2009:095:09:00:00.00   -2636600.09    7474113.31     191956.11 04-08    00    (     0.080694,       14.000579)   1500.00 0.05035
2009:095:09:00:00.00    -411762.41    4767604.63    2476935.71 05-08    00    (     0.101741,     -176.540487)  54545.40 0.00546
2009:095:09:20:00.00    -476084.33     442377.66   -1354874.34 02-04    00    (     2.302359,       15.328365)   1260.50 0.02841
2009:095:09:20:00.00   -2752350.47    3244446.99   -3467513.37 02-05    00    (     0.427897,      155.247669)  45836.50 0.00635
2009:095:09:20:00.00   -2771173.99    8021193.17    -974091.17 02-08    00    (     0.126342,      118.953976)    504.20 0.09543
2009:095:09:20:00.00   -2276266.14    2802069.34   -2112639.02 04-05    00    (     0.544531,      120.356112) 136364.00 0.00335
2009:095:09:20:00.00   -2295089.66    7578815.52     380783.18 04-08    00    (     0.194643,       32.894466)   1500.00 0.04938
2009:095:09:20:00.00     -18823.52    4776746.18    2493422.20 05-08    00    (     0.097745,     -177.128164)  54545.40 0.00555
2009:095:09:40:00.00    -559068.66     464354.47   -1315239.87 02-04    00    (     2.325165,       19.374560)   1260.50 0.02849
2009:095:09:40:00.00   -2869344.56    3363798.35   -3252267.02 02-05    00    (     0.398405,      163.520611)  45836.50 0.00652
2009:095:09:40:00.00   -2495085.15    8132998.45    -772453.93 02-08    00    (     0.154432,       61.616880)    504.20 0.09426
2009:095:09:40:00.00   -2310275.90    2899443.88   -1937027.15 04-05    00    (     0.513422,      125.845908) 136364.00 0.00338
2009:095:09:40:00.00   -1936016.49    7668643.99     542785.94 04-08    00    (     0.159179,       67.786415)   1500.00 0.04877
2009:095:09:40:00.00     374259.41    4769200.10    2479813.09 05-08    00    (     0.092236,     -171.653542)  54545.40 0.00571
2009:095:10:00:00.00    -637774.83     489764.04   -1269414.52 02-04    00    (     2.240766,       21.455229)   1260.50 0.02859
2009:095:10:00:00.00   -2964381.54    3487651.23   -3028902.34 02-05    00    (     0.375277,      170.552069)  45836.50 0.00667
2009:095:10:00:00.00   -2199903.17    8232675.36    -592689.82 02-08    00    (     0.149750,       77.564584)    504.20 0.09344
2009:095:10:00:00.00   -2326606.71    2997887.19   -1759487.82 04-05    00    (     0.478355,      129.817001) 136364.00 0.00340
2009:095:10:00:00.00   -1562128.34    7742911.32     676724.70 04-08    00    (     0.154323,       19.192741)   1500.00 0.04857
2009:095:10:00:00.00     764478.37    4745024.14    2436212.52 05-08    00    (     0.120807,     -173.658755)  54545.40 0.00593
2009:095:10:20:00.00     374643.66     -40224.46     583173.86 02-03    00    (     2.375944,      -12.078518)    672.27 0.03877
2009:095:10:20:00.00    -711600.55     518411.95   -1217748.94 02-04    00    (     2.138061,       24.079038)   1260.50 0.02869
2009:095:10:20:00.00   -3036734.16    3615057.87   -2799128.54 02-05    00    (     0.322836,     -178.978804)  45836.50 0.00680
2009:095:10:20:00.00   -1887886.83    8319461.16    -436174.42 02-08    00    (     0.157972,      -14.530776)    504.20 0.09308
2009:095:10:20:00.00   -1086244.21     558636.41   -1800922.80 03-04    00    (     2.054115,       38.085897)   2000.00 0.02333
2009:095:10:20:00.00   -3411377.82    3655282.33   -3382302.40 03-05    00    (     0.298657,     -160.525903)  72727.30 0.00584
2009:095:10:20:00.00   -2262530.49    8359685.62   -1019348.28 03-08    00    (     0.109950,       78.960377)    800.00 0.07607
2009:095:10:20:00.00   -2325133.61    3096645.93   -1581379.60 04-05    00    (     0.439751,      133.450320) 136364.00 0.00342
2009:095:10:20:00.00   -1176286.29    7801049.21     781574.52 04-08    00    (     0.133956,      -36.307280)   1500.00 0.04881
2009:095:10:20:00.00    1148847.33    4704403.29    2362954.12 05-08    00    (     0.112100,     -171.823539)  54545.40 0.00621
2009:095:10:40:00.00     416077.80     -57011.87     552898.31 02-03    00    (     2.409860,      -12.198190)    672.27 0.03882
2009:095:10:40:00.00    -779980.87     550078.96   -1160638.51 02-04    00    (     2.139139,       26.204517)   1260.50 0.02879
2009:095:10:40:00.00   -3085848.75    3745043.33   -2564703.95 02-05    00    (     0.292060,     -171.472732)  45836.50 0.00690
2009:095:10:40:00.00   -1561423.80    8392691.73    -304105.45 02-08    00    (     0.110272,       57.341225)    504.20 0.09327
2009:095:10:40:00.00   -1196058.68     607090.82   -1713536.82 03-04    00    (     1.977315,       42.565741)   2000.00 0.02354
2009:095:10:40:00.00   -3501926.55    3802055.19   -3117602.26 03-05    00    (     0.283174,     -150.855414)  72727.30 0.00600
2009:095:10:40:00.00   -1977501.60    8449703.59    -857003.76 03-08    00    (     0.080561,       91.387778)    800.00 0.07585
2009:095:10:40:00.00   -2305867.88    3194964.37   -1404065.44 04-05    00    (     0.419942,      135.578743) 136364.00 0.00342
2009:095:10:40:00.00    -781442.93    7842612.77     856533.06 04-08    00    (     0.119427,       33.609669)   1500.00 0.04954
2009:095:10:40:00.00    1524424.95    4647648.40    2260598.50 05-08    00    (     0.126818,     -170.297088)  54545.40 0.00655
2009:095:11:00:00.00     454327.99     -75491.01     519571.77 02-03    00    (     2.425763,      -12.483969)    672.27 0.03887
2009:095:11:00:00.00    -842392.55     584522.74   -1098520.24 02-04    00    (     2.069499,       29.396955)   1260.50 0.02890
2009:095:11:00:00.00   -3111349.48    3876612.90   -2327422.44 02-05    00    (     0.276092,     -165.132633)  45836.50 0.00698
2009:095:11:00:00.00   -1223012.28    8451806.68    -197493.53 02-08    00    (     0.155399,       65.770224)    504.20 0.09408
2009:095:11:00:00.00   -1296720.54     660013.75   -1618092.01 03-04    00    (     1.874369,       45.621750)   2000.00 0.02375
2009:095:11:00:00.00   -3565677.46    3952103.91   -2846994.21 03-05    00    (     0.252347,     -142.182231)  72727.30 0.00613
2009:095:11:00:00.00   -1677340.26    8527297.69    -717065.30 03-08    00    (     0.134241,       42.952951)    800.00 0.07599
2009:095:11:00:00.00   -2268956.93    3292090.16   -1228902.20 04-05    00    (     0.381323,      137.133781) 136364.00 0.00342
2009:095:11:00:00.00    -380619.73    7867283.93     901026.71 04-08    00    (     0.064749,       31.304291)   1500.00 0.05079
2009:095:11:00:00.00    1888337.20    4575193.78    2129928.91 05-08    00    (     0.138001,     -178.467161)  54545.40 0.00696
2009:095:11:20:00.00   -3016048.45   -1617896.79    -902912.04 01-02    00    (     1.013065,      124.934821)   1527.88 0.03999
2009:095:11:20:00.00   -2526946.94   -1713417.28    -419462.79 01-03    00    (     1.017064,      106.368346)   2424.24 0.02846
2009:095:11:20:00.00   -3914406.42    -996417.06   -1934781.54 01-04    00    (     0.959826,      163.450581)   4545.45 0.02870
2009:095:11:20:00.00   -6129089.64    2390862.98   -2992011.83 01-05    00    (     0.345852,      -73.062604) 165289.00 0.00955
2009:095:11:20:00.00   -3891290.34    6878456.85   -1020066.54 01-08    00    (     0.196352,       45.105739)   1818.18 0.05239
2009:095:11:20:00.00     489101.51     -95520.48     483449.26 02-03    00    (     2.360966,      -15.228460)    672.27 0.03891
2009:095:11:20:00.00    -898357.98     621479.73   -1031869.50 02-04    00    (     2.051469,       28.944082)   1260.50 0.02900
2009:095:11:20:00.00   -3113041.19    4008759.78   -2089099.79 02-05    00    (     0.249724,     -159.185354)  45836.50 0.00703
2009:095:11:20:00.00    -875241.89    8496353.65    -117154.50 02-08    00    (     0.111868,      101.712020)    504.20 0.09559
2009:095:11:20:00.00   -1387459.49     717000.22   -1515318.75 03-04    00    (     1.843439,       50.170946)   2000.00 0.02396
2009:095:11:20:00.00   -3602142.70    4104280.26   -2572549.05 03-05    00    (     0.239131,     -129.752555)  72727.30 0.00623
2009:095:11:20:00.00   -1364343.40    8591874.13    -600603.76 03-08    00    (     0.180089,       13.461503)    800.00 0.07654
2009:095:11:20:00.00   -2214683.22    3387280.04   -1057230.30 04-05    00    (     0.354131,      138.788995) 136364.00 0.00341
2009:095:11:20:00.00      23116.08    7874873.91     914714.99 04-08    00    (     0.086182,       18.203831)   1500.00 0.05260
2009:095:11:20:00.00    2237799.30    4487593.87    1971945.29 05-08    00    (     0.165279,      175.243748)  54545.40 0.00743
2009:095:11:40:00.00   -3142084.70   -1487156.59    -667126.28 01-02    00    (     0.943041,      129.755384)   1527.88 0.04093
2009:095:11:40:00.00   -2621952.42   -1604103.60    -222319.09 01-03    00    (     0.968560,      110.954268)   2424.24 0.02884
2009:095:11:40:00.00   -4089533.59    -826489.47   -1628322.58 01-04    00    (     0.970290,      169.026352)   4545.45 0.03001
2009:095:11:40:00.00   -6232995.66    2653316.15   -2518685.97 01-05    00    (     0.313724,      -62.952780) 165289.00 0.00996
2009:095:11:40:00.00   -3662858.58    7038835.16    -730829.42 01-08    00    (     0.264009,       39.068696)   1818.18 0.05085
2009:095:11:40:00.00     520132.28    -116947.01     444807.20 02-03    00    (     2.302465,      -16.935523)    672.27 0.03896
2009:095:11:40:00.00    -947448.89     660667.12    -961196.30 02-04    00    (     2.045040,       34.642726)   1260.50 0.02909
2009:095:11:40:00.00   -3090910.96    4140472.74   -1851559.69 02-05    00    (     0.239482,     -157.213353)  45836.50 0.00705
2009:095:11:40:00.00    -520773.88    8525991.75     -63703.13 02-08    00    (     0.145882,       13.367667)    504.20 0.09785
2009:095:11:40:00.00   -1467581.17     777614.14   -1406003.49 03-04    00    (     1.774747,       53.810803)   2000.00 0.02416
2009:095:11:40:00.00   -3611043.24    4257419.75   -2296366.89 03-05    00    (     0.207758,     -122.088379)  72727.30 0.00629
2009:095:11:40:00.00   -1040906.16    8642938.76    -508510.33 03-08    00    (     0.083094,      112.529741)    800.00 0.07756
2009:095:11:40:00.00   -2143462.07    3479805.62    -890363.39 04-05    00    (     0.325244,      139.946302) 136364.00 0.00340
2009:095:11:40:00.00     426675.01    7865324.63     897493.16 04-08    00    (     0.163297,      -22.749195)   1500.00 0.05500
2009:095:11:40:00.00    2570137.08    4385519.01    1787856.56 05-08    00    (     0.173135,      167.928250)  54545.40 0.00794
2009:095:12:00:00.00   -3244076.74   -1351575.24    -422609.66 01-02    00    (     1.033203,      138.774949)   1527.88 0.04165
2009:095:12:00:00.00   -2696893.90   -1491181.87     -18668.37 01-03    00    (     1.045156,      109.513679)   2424.24 0.02911
2009:095:12:00:00.00   -4233366.37    -649790.20   -1309651.12 01-04    00    (     0.952956,      172.611393)   4545.45 0.03112
2009:095:12:00:00.00   -6289204.86    2919168.64   -2039229.54 01-05    00    (     0.293325,      -47.459723) 165289.00 0.01018
2009:095:12:00:00.00   -3406397.48    7188918.95    -460158.12 01-08    00    (     0.157383,       61.054863)   1818.18 0.04931
2009:095:12:00:00.00     547182.84    -139606.64     403941.29 02-03    00    (     2.331133,      -17.148643)    672.27 0.03900
2009:095:12:00:00.00    -989289.63     701785.04    -887041.46 02-04    00    (     1.910023,       36.507837)   1260.50 0.02918
2009:095:12:00:00.00   -3045128.12    4270743.87   -1616619.88 02-05    00    (     0.206409,     -149.718440)  45836.50 0.00705
2009:095:12:00:00.00    -162320.75    8540494.18     -37548.46 02-08    00    (     0.064870,       -3.483283)    504.20 0.10092
2009:095:12:00:00.00   -1536472.47     841391.68   -1290982.74 03-04    00    (     1.747875,       55.516960)   2000.00 0.02434
2009:095:12:00:00.00   -3592310.96    4410350.51   -2020561.17 03-05    00    (     0.191666,     -113.014177)  72727.30 0.00631
2009:095:12:00:00.00    -709503.58    8680100.82    -441489.74 03-08    00    (     0.164684,      117.780448)    800.00 0.07911
2009:095:12:00:00.00   -2055838.49    3568958.84    -729578.42 04-05    00    (     0.304082,      140.096363) 136364.00 0.00338
2009:095:12:00:00.00     826968.89    7838709.15     849493.00 04-08    00    (     0.114734,       78.647103)   1500.00 0.05802
2009:095:12:00:00.00    2882807.38    4269750.31    1579071.42 05-08    00    (     0.204522,      165.076167)  54545.40 0.00850
2009:095:12:20:00.00   -3321244.11   -1212190.24    -171233.29 01-02    00    (     0.980544,      137.216051)   1527.88 0.04213
2009:095:12:20:00.00   -2751197.93   -1375516.20     189930.96 01-03    00    (     1.164901,      113.172684)   2424.24 0.02926
2009:095:12:20:00.00   -4344804.14    -467671.41    -981205.73 01-04    00    (     1.039408,     -178.555671)   4545.45 0.03195
2009:095:12:20:00.00   -6297287.13    3186386.07   -1557311.48 01-05    00    (     0.251146,      -40.013096) 165289.00 0.01020
2009:095:12:20:00.00   -3123869.59    7327559.74    -210123.90 01-08    00    (     0.142765,       21.841845)   1818.18 0.04788
2009:095:12:20:00.00     570046.18    -163325.96     361164.25 02-03    00    (     2.338298,      -17.827587)    672.27 0.03903
2009:095:12:20:00.00   -1023560.03     744518.83    -809972.44 02-04    00    (     1.961959,       36.080210)   1260.50 0.02926
2009:095:12:20:00.00   -2976043.03    4398576.30   -1386078.19 02-05    00    (     0.188823,     -142.920148)  45836.50 0.00701
2009:095:12:20:00.00     197374.52    8539749.98     -38890.61 02-08    00    (     0.214168,      -73.430131)    504.20 0.10486
2009:095:12:20:00.00   -1593606.21     907844.79   -1171136.69 03-04    00    (     1.649299,       59.218428)   2000.00 0.02449
2009:095:12:20:00.00   -3546089.21    4561902.27   -1747242.44 03-05    00    (     0.169163,     -103.307005)  72727.30 0.00631
2009:095:12:20:00.00    -372671.66    8703075.94    -400054.86 03-08    00    (     0.042772,     -163.803931)    800.00 0.08121
2009:095:12:20:00.00   -1952483.00    3654057.48    -576105.75 04-05    00    (     0.275919,      138.022572) 136364.00 0.00335
2009:095:12:20:00.00    1220934.55    7795231.15     771081.82 04-08    00    (     0.080209,        3.681329)   1500.00 0.06169
2009:095:12:20:00.00    3173417.55    4141173.67    1347187.58 05-08    00    (     0.215229,      162.556570)  54545.40 0.00909
2009:095:12:40:00.00   -3372996.29   -1070068.21      85079.22 01-02    00    (     1.128044,      138.214666)   1527.88 0.04233
2009:095:12:40:00.00   -2784448.94   -1257991.69     401882.65 01-03    00    (     1.141458,      114.540615)   2424.24 0.02926
2009:095:12:40:00.00   -4422994.12    -281526.73    -645499.77 01-04    00    (     0.919984,     -176.757353)   4545.45 0.03245
2009:095:12:40:00.00   -6257180.62    3452923.61   -1076619.58 01-05    00    (     0.252310,      -35.065924) 165289.00 0.01001
2009:095:12:40:00.00   -2817436.88    7453696.60      17359.89 01-08    00    (     0.118852,       17.907237)   1818.18 0.04662
2009:095:12:40:00.00     588547.36    -187923.47     316803.43 02-03    00    (     2.303858,      -18.368686)    672.27 0.03906
2009:095:12:40:00.00   -1049997.83     788541.48    -730578.99 02-04    00    (     1.919731,       38.123386)   1260.50 0.02932
2009:095:12:40:00.00   -2884184.33    4522991.82   -1161698.80 02-05    00    (     0.172270,     -142.527738)  45836.50 0.00696
2009:095:12:40:00.00     555559.41    8523764.82     -67719.33 02-08    00    (     0.122033,      123.563133)    504.20 0.10971
2009:095:12:40:00.00   -1638545.18     976464.96   -1047382.42 03-04    00    (     1.630199,       60.941548)   2000.00 0.02462
2009:095:12:40:00.00   -3472731.69    4710915.29   -1478502.23 03-05    00    (     0.156449,      -95.435127)  72727.30 0.00626
2009:095:12:40:00.00     -32987.94    8711688.29    -384522.76 03-08    00    (     0.082723,     -123.341836)    800.00 0.08392
2009:095:12:40:00.00   -1834186.50    3734450.34    -431119.81 04-05    00    (     0.250498,      137.533379) 136364.00 0.00333
2009:095:12:40:00.00    1605557.24    7735223.33     662859.66 04-08    00    (     0.086827,      -16.655586)   1500.00 0.06601
2009:095:12:40:00.00    3439743.74    4000773.00    1093979.47 05-08    00    (     0.245179,      154.165321)  54545.40 0.00969
2009:095:13:00:00.00   -3398937.26    -926296.73     344366.48 01-02    00    (     1.119929,      137.312436)   1527.88 0.04224
2009:095:13:00:00.00   -2796392.48   -1139507.68     615564.76 01-03    00    (     1.198511,      112.501107)   2424.24 0.02913
2009:095:13:00:00.00   -4467337.98     -92780.60    -305102.19 01-04    00    (     0.986612,     -176.852496)   4545.45 0.03259
2009:095:13:00:00.00   -6169192.23    3716741.62    -600832.26 01-05    00    (     0.240312,      -23.669932) 165289.00 0.00964
2009:095:13:00:00.00   -2489444.28    7566364.30     220552.47 01-08    00    (     0.156613,       29.475789)   1818.18 0.04560
2009:095:13:00:00.00     602544.78    -213210.95     271198.28 02-03    00    (     2.287960,      -19.113388)    672.27 0.03908
2009:095:13:00:00.00   -1068400.71     833516.13    -649468.66 02-04    00    (     1.902978,       38.825792)   1260.50 0.02936
2009:095:13:00:00.00   -2770254.97    4643038.35    -945198.74 02-05    00    (     0.155942,     -135.415676)  45836.50 0.00689
2009:095:13:00:00.00     909492.98    8492661.03    -123814.01 02-08    00    (     0.259279,      -29.149734)    504.20 0.11547
2009:095:13:00:00.00   -1670945.50    1046727.07    -920666.95 03-04    00    (     1.614351,       61.636557)   2000.00 0.02472
2009:095:13:00:00.00   -3372799.75    4856249.30   -1216397.02 03-05    00    (     0.141856,      -92.620656)  72727.30 0.00619
2009:095:13:00:00.00     306948.20    8705871.98    -395012.29 03-08    00    (     0.131562,       54.992481)    800.00 0.08727
2009:095:13:00:00.00   -1701854.25    3809522.22    -295730.07 04-05    00    (     0.228157,      136.246364) 136364.00 0.00331
2009:095:13:00:00.00    1977893.70    7659144.91     525654.65 04-08    00    (     0.135710,      -23.921250)   1500.00 0.07099
2009:095:13:00:00.00    3679747.95    3849622.68     821384.73 05-08    00    (     0.255913,      149.158700)  54545.40 0.01027
2009:095:13:20:00.00   -3398868.52    -781975.96     604644.35 01-02    00    (     1.208515,      137.028349)   1527.88 0.04186
2009:095:13:20:00.00   -2786937.17   -1020970.84     829342.15 01-03    00    (     1.184292,      110.604418)   2424.24 0.02886
2009:095:13:20:00.00   -4477496.40      97122.64      37382.22 01-04    00    (     0.996594,     -178.840865)   4545.45 0.03237
2009:095:13:20:00.00   -6033995.28    3975821.30    -133590.36 01-05    00    (     0.230066,      -23.204768) 165289.00 0.00913
2009:095:13:20:00.00   -2142401.68    7664700.68     397898.96 01-08    00    (     0.102914,       69.110349)   1818.18 0.04487
2009:095:13:20:00.00     611931.36    -238994.87     224697.80 02-03    00    (     2.399638,      -21.005295)    672.27 0.03909
2009:095:13:20:00.00   -1078627.87     879098.60    -567262.13 02-04    00    (     1.840700,       40.075427)   1260.50 0.02940
2009:095:13:20:00.00   -2635126.76    4757797.27    -738234.71 02-05    00    (     0.143258,     -137.000280)  45836.50 0.00680
2009:095:13:20:00.00    1256466.84    8446676.64    -206745.39 02-08    00    (     0.340862,      -20.000810)    504.20 0.12214
2009:095:13:20:00.00   -1690559.23    1118093.48    -791959.93 03-04    00    (     1.535593,       66.703489)   2000.00 0.02478
2009:095:13:20:00.00   -3247058.11    4996792.14    -962932.51 03-05    00    (     0.122239,      -85.926189)  72727.30 0.00610
2009:095:13:20:00.00     644535.49    8685671.51    -431443.19 03-08    00    (     0.034317,     -172.079329)    800.00 0.09126
2009:095:13:20:00.00   -1556498.88    3878698.67    -170972.58 04-05    00    (     0.202764,      135.770525) 136364.00 0.00328
2009:095:13:20:00.00    2335094.72    7567578.04     360516.74 04-08    00    (     0.162897,      -32.919652)   1500.00 0.07656
2009:095:13:20:00.00    3891593.60    3688879.37     531489.32 05-08    00    (     0.319544,      147.559857)  54545.40 0.01081
2009:095:13:40:00.00   -3372790.59    -638210.30     863921.11 01-02    00    (     1.121552,      135.487191)   1527.88 0.04122
2009:095:13:40:00.00   -2756155.35    -903288.25    1041578.91 01-03    00    (     1.223625,      111.659356)   2424.24 0.02847
2009:095:13:40:00.00   -4453391.63     286729.79     379332.64 01-04    00    (     0.958184,     -179.619442)   4545.45 0.03179
2009:095:13:40:00.00   -5852624.33    4228180.10     321530.63 01-05    00    (     0.228668,      -24.822838) 165289.00 0.00851
2009:095:13:40:00.00   -1778964.76    7747953.22     548042.25 01-08    00    (     0.147421,       41.460005)   1818.18 0.04449
2009:095:13:40:00.00     616635.24    -265077.95     177657.81 02-03    00    (     2.297366,      -19.233345)    672.27 0.03910
2009:095:13:40:00.00   -1080601.04     924940.10    -484588.47 02-04    00    (     1.847942,       39.115199)   1260.50 0.02941
2009:095:13:40:00.00   -2479833.74    4866390.40    -542390.48 02-05    00    (     0.139543,     -133.920261)  45836.50 0.00671
2009:095:13:40:00.00    1593825.83    8386163.52    -315878.86 02-08    00    (     0.287163,      -42.252930)    504.20 0.12970
2009:095:13:40:00.00   -1697236.28    1190018.04    -662246.28 03-04    00    (     1.461231,       65.480193)   2000.00 0.02481
2009:095:13:40:00.00   -3096468.98    5131468.35    -720048.29 03-05    00    (     0.122921,      -78.374430)  72727.30 0.00600
2009:095:13:40:00.00     977190.59    8651241.47    -493536.67 03-08    00    (     0.146157,       74.634944)    800.00 0.09590
2009:095:13:40:00.00   -1399232.71    3941450.31     -57802.01 04-05    00    (     0.182748,      133.585001) 136364.00 0.00326
2009:095:13:40:00.00    2674426.87    7461223.42     168709.61 04-08    00    (     0.141729,       38.593720)   1500.00 0.08265
2009:095:13:40:00.00    4073659.58    3519773.12     226511.62 05-08    00    (     0.315305,      150.351568)  54545.40 0.01128
2009:095:14:00:00.00   -3320903.02    -496099.89    1120212.68 01-02    00    (     1.267967,      133.085265)   1527.88 0.04034
2009:095:14:00:00.00   -2704282.58    -787360.46    1250650.96 01-03    00    (     1.311993,      107.854997)   2424.24 0.02797
2009:095:14:00:00.00   -4395208.13     474589.93     718132.36 01-04    00    (     0.964432,     -176.142738)   4545.45 0.03089
2009:095:14:00:00.00   -5626467.30    4471886.87     761047.97 01-05    00    (     0.226510,      -18.384120) 165289.00 0.00783
2009:095:14:00:00.00   -1401914.65    7815484.86     669833.39 01-08    00    (     0.055055,      103.448839)   1818.18 0.04449
2009:095:14:00:00.00     616620.44    -291260.57     130438.28 02-03    00    (     2.345951,      -22.026803)    672.27 0.03910
2009:095:14:00:00.00   -1074305.11     970689.82    -402080.32 02-04    00    (     1.807846,       42.088140)   1260.50 0.02941
2009:095:14:00:00.00   -2305564.27    4967986.76    -359164.71 02-05    00    (     0.111531,     -130.014248)  45836.50 0.00662
2009:095:14:00:00.00    1918988.38    8311584.74    -450379.29 02-08    00    (     0.461253,       -4.086490)    504.20 0.13806
2009:095:14:00:00.00   -1690925.55    1261950.39    -532518.60 03-04    00    (     1.435309,       64.570794)   2000.00 0.02481
2009:095:14:00:00.00   -2922184.71    5259247.33    -489602.99 03-05    00    (     0.113166,      -82.508074)  72727.30 0.00588
2009:095:14:00:00.00    1302367.94    8602845.32    -580817.57 03-08    00    (     0.188426,      -48.842230)    800.00 0.10116
2009:095:14:00:00.00   -1231259.17    3997296.94      42915.61 04-05    00    (     0.163331,      133.419610) 136364.00 0.00325
2009:095:14:00:00.00    2993293.48    7340894.93     -48298.97 04-08    00    (     0.113447,       53.497445)   1500.00 0.08912
2009:095:14:00:00.00    4224552.65    3343597.98     -91214.58 05-08    00    (     0.367831,      146.829871)  54545.40 0.01166
2009:095:14:20:00.00   -3243602.88    -356732.20    1371557.84 01-02    00    (     1.182367,      130.848250)   1527.88 0.03925
2009:095:14:20:00.00   -2631715.82    -674074.59    1454958.40 01-03    00    (     1.277834,      103.574379)   2424.24 0.02737
2009:095:14:20:00.00   -4303391.15     659265.47    1051188.78 01-04    00    (     0.961742,      179.328195)   4545.45 0.02974
2009:095:14:20:00.00   -5357254.81    4705076.70    1181598.34 01-05    00    (     0.219123,      -18.169511) 165289.00 0.00714
2009:095:14:20:00.00   -1014136.67    7866778.81     762340.40 01-08    00    (     0.140846,       16.621400)   1818.18 0.04490
2009:095:14:20:00.00     611887.07    -317342.39      83400.56 02-03    00    (     2.239949,      -18.457005)    672.27 0.03909
2009:095:14:20:00.00   -1059788.27    1015997.67    -320369.06 02-04    00    (     1.760434,       39.190234)   1260.50 0.02939
2009:095:14:20:00.00   -2113651.92    5061808.90    -189959.50 02-05    00    (     0.107977,     -127.116237)  45836.50 0.00654
2009:095:14:20:00.00    2229466.22    8223511.01    -609217.44 02-08    00    (     0.150745,      102.379783)    504.20 0.14707
2009:095:14:20:00.00   -1671675.34    1333340.06    -403769.62 03-04    00    (     1.385520,       67.400060)   2000.00 0.02477
2009:095:14:20:00.00   -2725538.99    5379151.29    -273360.06 03-05    00    (     0.100038,      -74.973862)  72727.30 0.00576
2009:095:14:20:00.00    1617579.15    8540853.40    -692618.00 03-08    00    (     0.191141,        3.940443)    800.00 0.10701
2009:095:14:20:00.00   -1053863.66    4045811.23     130409.56 04-05    00    (     0.144253,      132.788437) 136364.00 0.00324
2009:095:14:20:00.00    3289254.48    7207513.34    -288848.38 04-08    00    (     0.247191,      -82.801553)   1500.00 0.09578
2009:095:14:20:00.00    4343118.14    3161702.11    -419257.94 05-08    00    (     0.401788,      150.551242)  54545.40 0.01191
2009:095:14:40:00.00   -3141481.69    -221173.70    1616033.23 01-02    00    (     1.235383,      124.568257)   1527.88 0.03801
2009:095:14:40:00.00   -2539010.34    -564297.52    1652937.81 01-03    00    (     1.398382,       99.173357)   2424.24 0.02671
2009:095:14:40:00.00   -4178643.29     839343.24    1375953.26 01-04    00    (     0.907627,      176.444855)   4545.45 0.02838
2009:095:14:40:00.00   -5047046.94    4925965.15    1579963.58 01-05    00    (     0.197228,      -19.876658) 165289.00 0.00648
2009:095:14:40:00.00    -618598.19    7901442.58     824855.39 01-08    00    (     0.092630,       17.117497)   1818.18 0.04577
2009:095:14:40:00.00     602471.35    -343123.82      36904.58 02-03    00    (     2.293449,      -21.399661)    672.27 0.03907
2009:095:14:40:00.00   -1037161.60    1060516.95    -240079.97 02-04    00    (     1.794507,       38.048455)   1260.50 0.02936
2009:095:14:40:00.00   -1905565.25    5147138.86     -36069.65 02-05    00    (     0.098781,     -133.175384)  45836.50 0.00646
2009:095:14:40:00.00    2522883.50    8122616.28    -791177.84 02-08    00    (     0.636659,      -26.840729)    504.20 0.15655
2009:095:14:40:00.00   -1639632.95    1403640.77    -276984.55 03-04    00    (     1.348648,       63.301474)   2000.00 0.02470
2009:095:14:40:00.00   -2508036.60    5490262.68     -72974.23 03-05    00    (     0.109290,      -76.181311)  72727.30 0.00565
2009:095:14:40:00.00    1920412.15    8465740.10    -828082.42 03-08    00    (     0.066722,      -86.462114)    800.00 0.11335
2009:095:14:40:00.00    -868403.65    4086621.91     204010.32 04-05    00    (     0.113979,      134.741732) 136364.00 0.00323
2009:095:14:40:00.00    3560045.10    7062099.34    -551097.88 04-08    00    (     0.200008,      -24.000364)   1500.00 0.10238
2009:095:14:40:00.00    4428448.75    2975477.43    -755108.19 05-08    00    (     0.411409,      149.247453)  54545.40 0.01202
2009:095:15:00:00.00   -3015320.91     -90461.75    1851768.05 01-02    00    (     1.344699,      121.152522)   1527.88 0.03666
2009:095:15:00:00.00   -2426875.58    -458869.32    1843074.20 01-03    00    (     1.430209,       93.862643)   2424.24 0.02600
2009:095:15:00:00.00   -4021919.16    1013445.23    1689940.60 01-04    00    (     0.968155,      173.319813)   4545.45 0.02690
2009:095:15:00:00.00    -218326.01    7919210.89     856899.97 01-08    00    (     0.115335,       46.888432)   1818.18 0.04712
2009:095:15:00:00.00     588445.34    -368407.57      -8693.85 02-03    00    (     2.307301,      -17.698303)    672.27 0.03905
2009:095:15:00:00.00   -1006598.25    1103906.98    -161827.44 02-04    00    (     1.729328,       37.882756)   1260.50 0.02931
2009:095:15:00:00.00    2796994.91    8009672.64    -994868.08 02-08    00    (     0.428345,      -80.040001)    504.20 0.16621
2009:095:15:00:00.00   -1595043.58    1472314.55    -153133.60 03-04    00    (     1.368779,       64.297046)   2000.00 0.02460
2009:095:15:00:00.00    2208549.57    8378080.21    -986174.23 03-08    00    (     0.154231,       20.226317)    800.00 0.12005
2009:095:15:00:00.00    3803593.15    6905765.67    -833040.63 04-08    00    (     0.341742,        9.526440)   1500.00 0.10863
2009:095:15:20:00.00     183616.87    7919947.79     858228.93 01-08    00    (     0.203722,       17.683938)   1818.18 0.04899
2009:095:15:40:00.00     584154.66    7903647.62     828832.10 01-08    00    (     0.112329,      -13.654329)   1818.18 0.05141
2009:095:16:00:00.00     980222.31    7870435.12     768934.44 01-08    00    (     0.252214,       25.127311)   1818.18 0.05440
2009:095:16:20:00.00    1368789.00    7820564.46     678994.29 01-08    00    (     0.244788,       15.311336)   1818.18 0.05798
2009:095:16:40:00.00    1746881.30    7754417.24     559699.90 01-08    00    (     0.114889,       46.942455)   1818.18 0.06215
2009:095:17:00:00.00    2111605.92    7672499.65     411964.17 01-08    00    (     0.051081,       13.909455)   1818.18 0.06689
2009:095:17:20:00.00    2460171.87    7575438.56     236917.60 01-08    00    (     0.207274,      -34.278483)   1818.18 0.07214
2009:095:17:40:00.00    2789911.84    7463976.70      35899.70 01-08    00    (     0.127769,      -29.266316)   1818.18 0.07782
2009:095:18:00:00.00    3098302.54    7338967.00    -189551.27 01-08    00    (     0.117117,      -53.297322)   1818.18 0.08376
2009:095:18:20:00.00    3382984.07    7201366.09    -437710.09 01-08    00    (     0.174407,       -4.164777)   1818.18 0.08979
2009:095:18:40:00.00    3641777.97    7052226.93    -706677.78 01-08    00    (     0.212735,      -11.978623)   1818.18 0.09565
2009:095:19:00:00.00    3872703.85    6892690.78    -994396.11 01-08    00    (     0.222034,      -15.397738)   1818.18 0.10106
