2009:095:02:20:00.00   -1836605.33    8671798.17   -1429464.08 07-08    00    (     0.047624,      -28.262421)  30000.00 0.03618
2009:095:02:40:00.00    -729044.75    -403258.70     274934.78 06-07    00    (     2.137898,       24.541776)  30000.00 0.00902
2009:095:02:40:00.00   -2300368.96    8340891.50   -1024044.75 06-08    00    (     0.151447,      -41.266485)  30000.00 0.04728
2009:095:02:40:00.00   -1571324.21    8744150.19   -1298979.53 07-08    00    (     0.108648,      -60.278045)  30000.00 0.03640
2009:095:03:00:00.00    -722331.91    -372445.25     330505.83 06-07    00    (     2.130958,       23.857914)  30000.00 0.00902
2009:095:03:00:00.00   -2016350.74    8432537.58    -858763.97 06-08    00    (     0.079266,      -71.845861)  30000.00 0.04712
2009:095:03:00:00.00   -1294018.83    8804982.84   -1189269.80 07-08    00    (     0.071850,      -29.663880)  30000.00 0.03676
2009:095:03:20:00.00    -710091.56    -342034.20     385351.20 06-07    00    (     2.151045,       22.785574)  30000.00 0.00900
2009:095:03:20:00.00   -1716902.78    8511796.40    -715823.25 06-08    00    (     0.197422,      -32.279201)  30000.00 0.04717
2009:095:03:20:00.00   -1006811.22    8853830.59   -1101174.44 07-08    00    (     0.103683,      -50.015296)  30000.00 0.03731
2009:095:03:40:00.00    -692417.37    -312258.24     439051.18 06-07    00    (     2.178260,       21.661361)  30000.00 0.00899
2009:095:03:40:00.00   -1404316.55    8578061.42    -596316.40 06-08    00    (     0.142722,      -34.464882)  30000.00 0.04747
2009:095:03:40:00.00    -711899.18    8890319.66   -1035367.58 07-08    00    (     0.085222,      -97.263976)  30000.00 0.03804
2009:095:04:00:00.00   -3353860.25   -5673338.93    -286396.05 05-06    00    (     0.198861,      -42.672438)  30000.00 0.00656
2009:095:04:00:00.00   -4023304.84   -5956684.17     204798.80 05-07    00    (     0.193034,      -13.397333)  30000.00 0.00651
2009:095:04:00:00.00   -4434844.32    2957486.65    -787553.99 05-08    00    (     0.188000,     -157.174762)  30000.00 0.00869
2009:095:04:00:00.00    -669444.59    -283345.24     491194.84 06-07    00    (     2.195764,       20.982107)  30000.00 0.00897
2009:095:04:00:00.00   -1080984.07    8630825.58    -501157.94 06-08    00    (     0.144642,      -22.175195)  30000.00 0.04807
2009:095:04:00:00.00    -411539.48    8914170.82    -992352.78 07-08    00    (     0.082408,      -22.527215)  30000.00 0.03898
2009:095:04:20:00.00   -3603351.98   -5525633.88     -20014.74 05-06    00    (     0.207797,      -43.858131)  30000.00 0.00697
2009:095:04:20:00.00   -4244700.99   -5781150.33     521368.44 05-07    00    (     0.167309,      -11.143718)  30000.00 0.00687
2009:095:04:20:00.00   -4352731.53    3144051.21    -451090.78 05-08    00    (     0.170359,     -156.260843)  30000.00 0.00850
2009:095:04:20:00.00    -641349.01    -255516.45     541383.18 06-07    00    (     2.225997,       19.715986)  30000.00 0.00896
2009:095:04:20:00.00    -749379.55    8669685.10    -431076.04 06-08    00    (     0.136308,      -70.081809)  30000.00 0.04898
2009:095:04:20:00.00    -108030.54    8925201.55    -972459.22 07-08    00    (     0.164744,      -77.351642)  30000.00 0.04015
2009:095:04:40:00.00   -3825269.74   -5367920.58     264416.14 05-06    00    (     0.202370,      -41.238528)  30000.00 0.00734
2009:095:04:40:00.00   -4433615.37   -5596905.40     853648.27 05-07    00    (     0.184545,      -13.160491)  30000.00 0.00718
2009:095:04:40:00.00   -4237310.29    3326422.04    -122190.85 05-08    00    (     0.152703,     -161.123226)  30000.00 0.00825
2009:095:04:40:00.00    -608345.63    -228984.82     589232.13 06-07    00    (     2.274919,       18.748611)  30000.00 0.00894
2009:095:04:40:00.00    -412040.55    8694342.62    -386606.99 06-08    00    (     0.111074,      -63.737332)  30000.00 0.05025
2009:095:04:40:00.00     196305.08    8923327.43    -975839.12 07-08    00    (     0.082506,      -66.955361)  30000.00 0.04155
2009:095:05:00:00.00   -4017915.36   -5201405.90     564720.03 05-06    00    (     0.193076,      -43.845489)  30000.00 0.00767
2009:095:05:00:00.00   -4588602.37   -5405359.27    1199095.57 05-07    00    (     0.206177,      -21.883137)  30000.00 0.00740
2009:095:05:00:00.00   -4089463.85    3503203.56     196628.95 05-08    00    (     0.156744,     -160.560212)  30000.00 0.00795
2009:095:05:00:00.00    -570687.00    -203953.37     634375.54 06-07    00    (     2.265853,       17.076343)  30000.00 0.00892
2009:095:05:00:00.00     -71548.49    8704609.45    -368091.09 06-08    00    (     0.097440,      -88.679804)  30000.00 0.05189
2009:095:05:00:00.00     499138.52    8908562.82   -1002466.62 07-08    00    (     0.136710,      -84.610481)  30000.00 0.04318
2009:095:05:20:00.00   -4179814.65   -5027364.05     878598.91 05-06    00    (     0.210635,      -47.296896)  30000.00 0.00793
2009:095:05:20:00.00   -4708475.96   -5207977.72    1555066.86 05-07    00    (     0.174591,      -27.409501)  30000.00 0.00753
2009:095:05:20:00.00   -3910323.57    3673042.98     502928.90 05-08    00    (     0.144625,     -162.385929)  30000.00 0.00761
2009:095:05:20:00.00    -528661.31    -180613.67     676467.95 06-07    00    (     2.292201,       15.283312)  30000.00 0.00890
2009:095:05:20:00.00     269491.08    8700407.03    -375670.01 06-08    00    (     0.183819,      -49.281754)  30000.00 0.05393
2009:095:05:20:00.00     798152.38    8881020.70   -1052137.96 07-08    00    (     0.133629,      -72.555046)  30000.00 0.04504
2009:095:05:40:00.00   -4309728.71   -4847126.86    1203650.90 05-06    00    (     0.199500,      -55.626243)  30000.00 0.00810
2009:095:05:40:00.00   -4792318.84   -5006271.16    1918838.16 05-07    00    (     0.180180,      -23.306616)  30000.00 0.00753
2009:095:05:40:00.00   -3701260.29    3834640.66     794365.12 05-08    00    (     0.156186,     -174.295259)  30000.00 0.00727
2009:095:05:40:00.00    -482590.13    -159144.30     715187.26 06-07    00    (     2.321560,       13.439905)  30000.00 0.00888
2009:095:05:40:00.00     608468.42    8681767.52    -409285.78 06-08    00    (     0.048514,       43.126825)  30000.00 0.05637
2009:095:05:40:00.00    1091058.55    8840911.82   -1124473.04 07-08    00    (     0.140981,      -99.384727)  30000.00 0.04712
2009:095:06:00:00.00   -4406663.40   -4662073.56    1537388.59 05-06    00    (     0.217664,      -61.844202)  30000.00 0.00817
2009:095:06:00:00.00   -4839489.42   -4801783.13    2287625.77 05-07    00    (     0.169528,      -33.344984)  30000.00 0.00743
2009:095:06:00:00.00   -3463873.82    3986759.99    1068707.45 05-08    00    (     0.153407,     -174.039671)  30000.00 0.00693
2009:095:06:00:00.00    -432826.02    -139709.56     750237.18 06-07    00    (     2.346584,       12.227378)  30000.00 0.00886
2009:095:06:00:00.00     942789.58    8648833.55    -468681.14 06-08    00    (     0.161556,      -53.406280)  30000.00 0.05922
2009:095:06:00:00.00    1375615.60    8788543.11   -1218918.32 07-08    00    (     0.212008,      -89.246479)  30000.00 0.04940
2009:095:06:20:00.00   -4469876.94   -4473620.23    1877258.12 05-06    00    (     0.211528,      -70.866545)  30000.00 0.00813
2009:095:06:20:00.00   -4849626.73   -4596078.41    2658607.62 05-07    00    (     0.179220,      -42.365360)  30000.00 0.00721
2009:095:06:20:00.00   -3199980.72    4128236.90    1323856.53 05-08    00    (     0.179103,      174.643823)  30000.00 0.00660
2009:095:06:20:00.00    -379749.79    -122458.18     781349.50 06-07    00    (     2.394566,       10.639306)  30000.00 0.00885
2009:095:06:20:00.00    1269896.22    8601857.14    -553401.59 06-08    00    (     0.140079,      -12.810119)  30000.00 0.06246
2009:095:06:20:00.00    1649646.01    8724315.32   -1334751.09 07-08    00    (     0.048990,      -54.403373)  30000.00 0.05183
2009:095:06:40:00.00   -4498885.60   -4283208.99    2220658.70 05-06    00    (     0.245527,      -80.222426)  30000.00 0.00799
2009:095:06:40:00.00   -4822653.20   -4390731.14    3028944.83 05-07    00    (     0.191718,      -58.606751)  30000.00 0.00689
2009:095:06:40:00.00   -2911600.38    4257988.78    1557859.88 05-08    00    (     0.181120,      167.824137)  30000.00 0.00630
2009:095:06:40:00.00    -323767.60    -107522.16     808286.14 06-07    00    (     2.407597,        9.029831)  30000.00 0.00883
2009:095:06:40:00.00    1587285.22    8541197.77    -662798.81 06-08    00    (     0.083387,      -57.921884)  30000.00 0.06607
2009:095:06:40:00.00    1911052.82    8648719.93   -1471084.95 07-08    00    (     0.170819,      -45.796158)  30000.00 0.05437
2009:095:07:00:00.00   -4493467.40   -4092296.90    2564962.51 05-06    00    (     0.246050,      -89.426546)  30000.00 0.00775
2009:095:07:00:00.00   -2600939.59    4375022.72    1768926.83 05-08    00    (     0.203608,      168.707017)  30000.00 0.00603
2009:095:07:00:00.00    1892527.81    8467319.62    -796035.67 06-08    00    (     0.117890,      -49.637735)  30000.00 0.06999
2009:095:07:20:00.00   -4453663.80   -3902344.90    2907534.85 05-06    00    (     0.274499,      -96.267691)  30000.00 0.00741
2009:095:07:20:00.00   -2270375.59    4478443.14    1955442.25 05-08    00    (     0.212057,      161.089550)  30000.00 0.00581
2009:095:07:20:00.00    2183288.21    8380788.04    -952092.61 06-08    00    (     0.083679,      -48.862017)  30000.00 0.07416
2009:095:07:40:00.00   -1854737.12    2356705.58   -2915838.26 04-05    00    (     0.253108,       41.949509)  30000.00 0.00313
2009:095:07:40:00.00   -3777175.09    6924164.23    -799859.42 04-08    00    (     0.183552,      -10.608496)  30000.00 0.05657
2009:095:07:40:00.00   -1922437.98    4567458.64    2115978.84 05-08    00    (     0.218330,      157.887132)  30000.00 0.00563
2009:095:08:00:00.00   -1970623.06    2437919.87   -2769370.91 04-05    00    (     0.198598,       59.910315)  30000.00 0.00318
2009:095:08:00:00.00   -3530412.33    7079307.91    -520062.76 04-08    00    (     0.112171,      -25.192472)  30000.00 0.05481
2009:095:08:00:00.00   -1559789.28    4641388.04    2249308.14 05-08    00    (     0.217070,      154.485958)  30000.00 0.00551
2009:095:08:20:00.00   -2071429.18    2523734.63   -2614606.74 04-05    00    (     0.165576,       76.901457)  30000.00 0.00323
2009:095:08:20:00.00   -3256633.78    7223400.24    -260196.87 04-08    00    (     0.194572,      -13.913133)  30000.00 0.05314
2009:095:08:20:00.00   -1185204.60    4699665.61    2354409.87 05-08    00    (     0.240619,      154.117159)  30000.00 0.00543
2009:095:08:40:00.00   -2156384.09    2613493.19   -2452730.06 04-05    00    (     0.156382,       96.963832)  30000.00 0.00328
2009:095:08:40:00.00   -2957934.45    7355338.59     -22250.30 04-08    00    (     0.193056,       -9.545562)  30000.00 0.05162
2009:095:08:40:00.00    -801550.36    4741845.40    2430479.77 05-08    00    (     0.254379,      153.388679)  30000.00 0.00542
2009:095:09:00:00.00   -2224837.69    2706508.68   -2284979.60 04-05    00    (     0.156495,      113.947967)  30000.00 0.00332
2009:095:09:00:00.00   -2636600.09    7474113.31     191956.11 04-08    00    (     0.154689,      -38.574817)  30000.00 0.05035
2009:095:09:00:00.00    -411762.41    4767604.63    2476935.71 05-08    00    (     0.251009,      154.110164)  30000.00 0.00545
2009:095:09:20:00.00    -476084.33     442377.66   -1354874.34 02-04    00    (     2.191622,        3.278408)  30000.00 0.02841
2009:095:09:20:00.00   -2752350.47    3244446.99   -3467513.37 02-05    00    (     0.246721,      161.521034)  30000.00 0.00635
2009:095:09:20:00.00   -2771173.99    8021193.17    -974091.17 02-08    00    (     0.293459,      -26.642619)  30000.00 0.09542
2009:095:09:20:00.00   -2276266.14    2802069.34   -2112639.02 04-05    00    (     0.172994,      125.662481)  30000.00 0.00336
2009:095:09:20:00.00   -2295089.66    7578815.52     380783.18 04-08    00    (     0.156035,      -23.567705)  30000.00 0.04938
2009:095:09:20:00.00     -18823.52    4776746.18    2493422.20 05-08    00    (     0.257441,      152.230182)  30000.00 0.00555
2009:095:09:40:00.00    -559068.66     464354.47   -1315239.87 02-04    00    (     2.206567,        6.257343)  30000.00 0.02850
2009:095:09:40:00.00   -2869344.56    3363798.35   -3252267.02 02-05    00    (     0.266089,      164.626870)  30000.00 0.00651
2009:095:09:40:00.00   -2495085.15    8132998.45    -772453.93 02-08    00    (     0.131869,       13.328192)  30000.00 0.09425
2009:095:09:40:00.00   -2310275.90    2899443.88   -1937027.15 04-05    00    (     0.181094,      141.012954)  30000.00 0.00339
2009:095:09:40:00.00   -1936016.49    7668643.99     542785.94 04-08    00    (     0.199669,       -1.930060)  30000.00 0.04877
2009:095:09:40:00.00     374259.41    4769200.10    2479813.09 05-08    00    (     0.274855,      150.873186)  30000.00 0.00571
2009:095:10:00:00.00    -637774.83     489764.04   -1269414.52 02-04    00    (     2.083053,        9.070053)  30000.00 0.02859
2009:095:10:00:00.00   -2964381.54    3487651.23   -3028902.34 02-05    00    (     0.253971,      165.477822)  30000.00 0.00667
2009:095:10:00:00.00   -2199903.17    8232675.36    -592689.82 02-08    00    (     0.211694,      -32.338429)  30000.00 0.09343
2009:095:10:00:00.00   -2326606.71    2997887.19   -1759487.82 04-05    00    (     0.188030,      143.456407)  30000.00 0.00341
2009:095:10:00:00.00   -1562128.34    7742911.32     676724.70 04-08    00    (     0.146263,      -30.965980)  30000.00 0.04857
2009:095:10:00:00.00     764478.37    4745024.14    2436212.52 05-08    00    (     0.308517,      151.067609)  30000.00 0.00592
2009:095:10:20:00.00     374643.66     -40224.46     583173.86 02-03    00    (     2.371330,       -9.093046)  30000.00 0.03878
2009:095:10:20:00.00    -711600.55     518411.95   -1217748.94 02-04    00    (     1.993709,       10.660053)  30000.00 0.02869
2009:095:10:20:00.00   -3036734.16    3615057.87   -2799128.54 02-05    00    (     0.247234,      171.653621)  30000.00 0.00680
2009:095:10:20:00.00   -1887886.83    8319461.16    -436174.42 02-08    00    (     0.033661,       19.408186)  30000.00 0.09307
2009:095:10:20:00.00   -1086244.21     558636.41   -1800922.80 03-04    00    (     1.749910,       21.197874)  30000.00 0.02333
2009:095:10:20:00.00   -3411377.82    3655282.33   -3382302.40 03-05    00    (     0.205736,      176.832648)  30000.00 0.00585
2009:095:10:20:00.00   -2262530.49    8359685.62   -1019348.28 03-08    00    (     0.235645,        4.075841)  30000.00 0.07608
2009:095:10:20:00.00   -2325133.61    3096645.93   -1581379.60 04-05    00    (     0.192379,      150.601178)  30000.00 0.00342
2009:095:10:20:00.00   -1176286.29    7801049.21     781574.52 04-08    00    (     0.154228,      -19.705865)  30000.00 0.04881
2009:095:10:20:00.00    1148847.33    4704403.29    2362954.12 05-08    00    (     0.317470,      148.304245)  30000.00 0.00621
2009:095:10:40:00.00     416077.80     -57011.87     552898.31 02-03    00    (     2.312799,       -8.547983)  30000.00 0.03882
2009:095:10:40:00.00    -779980.87     550078.96   -1160638.51 02-04    00    (     2.001188,       11.013169)  30000.00 0.02880
2009:095:10:40:00.00   -3085848.75    3745043.33   -2564703.95 02-05    00    (     0.230923,      172.556731)  30000.00 0.00690
2009:095:10:40:00.00   -1561423.80    8392691.73    -304105.45 02-08    00    (     0.121782,      -55.129449)  30000.00 0.09326
2009:095:10:40:00.00   -1196058.68     607090.82   -1713536.82 03-04    00    (     1.644489,       25.501887)  30000.00 0.02354
2009:095:10:40:00.00   -3501926.55    3802055.19   -3117602.26 03-05    00    (     0.176188,     -179.875056)  30000.00 0.00600
2009:095:10:40:00.00   -1977501.60    8449703.59    -857003.76 03-08    00    (     0.274486,      -41.855784)  30000.00 0.07586
2009:095:10:40:00.00   -2305867.88    3194964.37   -1404065.44 04-05    00    (     0.206333,      154.034582)  30000.00 0.00342
2009:095:10:40:00.00    -781442.93    7842612.77     856533.06 04-08    00    (     0.185719,      -12.567197)  30000.00 0.04954
2009:095:10:40:00.00    1524424.95    4647648.40    2260598.50 05-08    00    (     0.323685,      149.060457)  30000.00 0.00655
2009:095:11:00:00.00     454327.99     -75491.01     519571.77 02-03    00    (     2.281982,      -10.890219)  30000.00 0.03887
2009:095:11:00:00.00    -842392.55     584522.74   -1098520.24 02-04    00    (     1.858884,       15.360585)  30000.00 0.02890
2009:095:11:00:00.00   -3111349.48    3876612.90   -2327422.44 02-05    00    (     0.214022,      171.865451)  30000.00 0.00698
2009:095:11:00:00.00   -1223012.28    8451806.68    -197493.53 02-08    00    (     0.127005,        8.038206)  30000.00 0.09407
2009:095:11:00:00.00   -1296720.54     660013.75   -1618092.01 03-04    00    (     1.605081,       28.016251)  30000.00 0.02375
2009:095:11:00:00.00   -3565677.46    3952103.91   -2846994.21 03-05    00    (     0.155199,     -174.464404)  30000.00 0.00613
2009:095:11:00:00.00   -1677340.26    8527297.69    -717065.30 03-08    00    (     0.100027,      -51.923008)  30000.00 0.07600
2009:095:11:00:00.00   -2268956.93    3292090.16   -1228902.20 04-05    00    (     0.213172,      156.883452)  30000.00 0.00342
2009:095:11:00:00.00    -380619.73    7867283.93     901026.71 04-08    00    (     0.138364,      -10.422272)  30000.00 0.05079
2009:095:11:00:00.00    1888337.20    4575193.78    2129928.91 05-08    00    (     0.340202,      147.764890)  30000.00 0.00696
2009:095:11:20:00.00   -3016048.45   -1617896.79    -902912.04 01-02    00    (     0.802394,      142.067193)  30000.00 0.03998
2009:095:11:20:00.00   -2526946.94   -1713417.28    -419462.79 01-03    00    (     0.936065,      124.265386)  30000.00 0.02846
2009:095:11:20:00.00   -3914406.42    -996417.06   -1934781.54 01-04    00    (     0.667969,      170.223721)  30000.00 0.02869
2009:095:11:20:00.00   -6129089.64    2390862.98   -2992011.83 01-05    00    (     0.161454,      -28.790344)  30000.00 0.00955
2009:095:11:20:00.00   -3891290.34    6878456.85   -1020066.54 01-08    00    (     0.164500,      -28.511344)  30000.00 0.05239
2009:095:11:20:00.00     489101.51     -95520.48     483449.26 02-03    00    (     2.263964,      -11.403620)  30000.00 0.03891
2009:095:11:20:00.00    -898357.98     621479.73   -1031869.50 02-04    00    (     1.856876,       14.677373)  30000.00 0.02900
2009:095:11:20:00.00   -3113041.19    4008759.78   -2089099.79 02-05    00    (     0.208098,      174.925961)  30000.00 0.00703
2009:095:11:20:00.00    -875241.89    8496353.65    -117154.50 02-08    00    (     0.215284,      -47.659766)  30000.00 0.09558
2009:095:11:20:00.00   -1387459.49     717000.22   -1515318.75 03-04    00    (     1.507653,       28.568785)  30000.00 0.02396
2009:095:11:20:00.00   -3602142.70    4104280.26   -2572549.05 03-05    00    (     0.138532,     -168.956476)  30000.00 0.00623
2009:095:11:20:00.00   -1364343.40    8591874.13    -600603.76 03-08    00    (     0.012838,      -42.104768)  30000.00 0.07655
2009:095:11:20:00.00   -2214683.22    3387280.04   -1057230.30 04-05    00    (     0.212941,      158.589853)  30000.00 0.00341
2009:095:11:20:00.00      23116.08    7874873.91     914714.99 04-08    00    (     0.126231,       -9.576013)  30000.00 0.05260
2009:095:11:20:00.00    2237799.30    4487593.87    1971945.29 05-08    00    (     0.364321,      143.188605)  30000.00 0.00742
2009:095:11:40:00.00   -3142084.70   -1487156.59    -667126.28 01-02    00    (     0.827525,      149.011804)  30000.00 0.04092
2009:095:11:40:00.00   -2621952.42   -1604103.60    -222319.09 01-03    00    (     0.929292,      126.323017)  30000.00 0.02884
2009:095:11:40:00.00   -4089533.59    -826489.47   -1628322.58 01-04    00    (     0.656650,      175.139970)  30000.00 0.03001
2009:095:11:40:00.00   -6232995.66    2653316.15   -2518685.97 01-05    00    (     0.159220,      -15.859247)  30000.00 0.00996
2009:095:11:40:00.00   -3662858.58    7038835.16    -730829.42 01-08    00    (     0.224611,      -12.735897)  30000.00 0.05084
2009:095:11:40:00.00     520132.28    -116947.01     444807.20 02-03    00    (     2.283790,      -11.898188)  30000.00 0.03896
2009:095:11:40:00.00    -947448.89     660667.12    -961196.30 02-04    00    (     1.777949,       16.844014)  30000.00 0.02910
2009:095:11:40:00.00   -3090910.96    4140472.74   -1851559.69 02-05    00    (     0.186055,      172.669621)  30000.00 0.00705
2009:095:11:40:00.00    -520773.88    8525991.75     -63703.13 02-08    00    (     0.090776,      134.159863)  30000.00 0.09784
2009:095:11:40:00.00   -1467581.17     777614.14   -1406003.49 03-04    00    (     1.386051,       30.697354)  30000.00 0.02415
2009:095:11:40:00.00   -3611043.24    4257419.75   -2296366.89 03-05    00    (     0.103501,     -164.122828)  30000.00 0.00629
2009:095:11:40:00.00   -1040906.16    8642938.76    -508510.33 03-08    00    (     0.166787,     -100.363648)  30000.00 0.07757
2009:095:11:40:00.00   -2143462.07    3479805.62    -890363.39 04-05    00    (     0.216062,      162.118564)  30000.00 0.00340
2009:095:11:40:00.00     426675.01    7865324.63     897493.16 04-08    00    (     0.106782,      -40.882152)  30000.00 0.05500
2009:095:11:40:00.00    2570137.08    4385519.01    1787856.56 05-08    00    (     0.378057,      139.757500)  30000.00 0.00794
2009:095:12:00:00.00   -3244076.74   -1351575.24    -422609.66 01-02    00    (     0.869501,      147.564874)  30000.00 0.04165
2009:095:12:00:00.00   -2696893.90   -1491181.87     -18668.37 01-03    00    (     0.939186,      124.796086)  30000.00 0.02911
2009:095:12:00:00.00   -4233366.37    -649790.20   -1309651.12 01-04    00    (     0.658663,     -178.149272)  30000.00 0.03111
2009:095:12:00:00.00   -6289204.86    2919168.64   -2039229.54 01-05    00    (     0.180275,       -7.297914)  30000.00 0.01018
2009:095:12:00:00.00   -3406397.48    7188918.95    -460158.12 01-08    00    (     0.206197,       20.103175)  30000.00 0.04931
2009:095:12:00:00.00     547182.84    -139606.64     403941.29 02-03    00    (     2.283244,      -10.589796)  30000.00 0.03900
2009:095:12:00:00.00    -989289.63     701785.04    -887041.46 02-04    00    (     1.763797,       14.864485)  30000.00 0.02919
2009:095:12:00:00.00   -3045128.12    4270743.87   -1616619.88 02-05    00    (     0.175212,      168.049183)  30000.00 0.00705
2009:095:12:00:00.00    -162320.75    8540494.18     -37548.46 02-08    00    (     0.313517,      -31.808415)  30000.00 0.10091
2009:095:12:00:00.00   -1536472.47     841391.68   -1290982.74 03-04    00    (     1.324254,       32.271664)  30000.00 0.02433
2009:095:12:00:00.00   -3592310.96    4410350.51   -2020561.17 03-05    00    (     0.082941,     -167.367924)  30000.00 0.00632
2009:095:12:00:00.00    -709503.58    8680100.82    -441489.74 03-08    00    (     0.117192,       43.062945)  30000.00 0.07912
2009:095:12:00:00.00   -2055838.49    3568958.84    -729578.42 04-05    00    (     0.218384,      163.752249)  30000.00 0.00338
2009:095:12:00:00.00     826968.89    7838709.15     849493.00 04-08    00    (     0.154284,      -41.338972)  30000.00 0.05802
2009:095:12:00:00.00    2882807.38    4269750.31    1579071.42 05-08    00    (     0.368853,      139.674376)  30000.00 0.00850
2009:095:12:20:00.00   -3321244.11   -1212190.24    -171233.29 01-02    00    (     0.762879,      140.457717)  30000.00 0.04212
2009:095:12:20:00.00   -2751197.93   -1375516.20     189930.96 01-03    00    (     0.971591,      126.350633)  30000.00 0.02926
2009:095:12:20:00.00   -4344804.14    -467671.41    -981205.73 01-04    00    (     0.559082,     -174.600100)  30000.00 0.03194
2009:095:12:20:00.00   -6297287.13    3186386.07   -1557311.48 01-05    00    (     0.179214,        1.616994)  30000.00 0.01020
2009:095:12:20:00.00   -3123869.59    7327559.74    -210123.90 01-08    00    (     0.155912,       -0.310923)  30000.00 0.04787
2009:095:12:20:00.00     570046.18    -163325.96     361164.25 02-03    00    (     2.283604,       -9.125466)  30000.00 0.03903
2009:095:12:20:00.00   -1023560.03     744518.83    -809972.44 02-04    00    (     1.680476,       18.900487)  30000.00 0.02926
2009:095:12:20:00.00   -2976043.03    4398576.30   -1386078.19 02-05    00    (     0.165444,      168.370879)  30000.00 0.00701
2009:095:12:20:00.00     197374.52    8539749.98     -38890.61 02-08    00    (     0.235089,        3.803849)  30000.00 0.10485
2009:095:12:20:00.00   -1593606.21     907844.79   -1171136.69 03-04    00    (     1.240420,       34.780439)  30000.00 0.02449
2009:095:12:20:00.00   -3546089.21    4561902.27   -1747242.44 03-05    00    (     0.061750,     -157.534966)  30000.00 0.00631
2009:095:12:20:00.00    -372671.66    8703075.94    -400054.86 03-08    00    (     0.052309,      -52.100602)  30000.00 0.08122
2009:095:12:20:00.00   -1952483.00    3654057.48    -576105.75 04-05    00    (     0.212434,      163.567147)  30000.00 0.00336
2009:095:12:20:00.00    1220934.55    7795231.15     771081.82 04-08    00    (     0.128996,      -53.002832)  30000.00 0.06169
2009:095:12:20:00.00    3173417.55    4141173.67    1347187.58 05-08    00    (     0.364633,      134.868204)  30000.00 0.00909
2009:095:12:40:00.00   -3372996.29   -1070068.21      85079.22 01-02    00    (     0.702794,      148.128318)  30000.00 0.04232
2009:095:12:40:00.00   -2784448.94   -1257991.69     401882.65 01-03    00    (     0.923408,      124.644596)  30000.00 0.02926
2009:095:12:40:00.00   -4422994.12    -281526.73    -645499.77 01-04    00    (     0.585694,     -174.592335)  30000.00 0.03244
2009:095:12:40:00.00   -6257180.62    3452923.61   -1076619.58 01-05    00    (     0.167910,        2.354823)  30000.00 0.01001
2009:095:12:40:00.00   -2817436.88    7453696.60      17359.89 01-08    00    (     0.092950,      -18.902538)  30000.00 0.04661
2009:095:12:40:00.00     588547.36    -187923.47     316803.43 02-03    00    (     2.298962,      -11.975798)  30000.00 0.03906
2009:095:12:40:00.00   -1049997.83     788541.48    -730578.99 02-04    00    (     1.584286,       16.761266)  30000.00 0.02932
2009:095:12:40:00.00   -2884184.33    4522991.82   -1161698.80 02-05    00    (     0.155950,      162.934116)  30000.00 0.00696
2009:095:12:40:00.00     555559.41    8523764.82     -67719.33 02-08    00    (     0.277829,      -57.359532)  30000.00 0.10969
2009:095:12:40:00.00   -1638545.18     976464.96   -1047382.42 03-04    00    (     1.158717,       33.672234)  30000.00 0.02462
2009:095:12:40:00.00   -3472731.69    4710915.29   -1478502.23 03-05    00    (     0.051279,      179.110766)  30000.00 0.00627
2009:095:12:40:00.00     -32987.94    8711688.29    -384522.76 03-08    00    (     0.168544,        7.523061)  30000.00 0.08394
2009:095:12:40:00.00   -1834186.50    3734450.34    -431119.81 04-05    00    (     0.214270,      165.170749)  30000.00 0.00333
2009:095:12:40:00.00    1605557.24    7735223.33     662859.66 04-08    00    (     0.121959,      -33.557979)  30000.00 0.06602
2009:095:12:40:00.00    3439743.74    4000773.00    1093979.47 05-08    00    (     0.370060,      135.846091)  30000.00 0.00969
2009:095:13:00:00.00   -3398937.26    -926296.73     344366.48 01-02    00    (     0.821191,      143.845298)  30000.00 0.04223
2009:095:13:00:00.00   -2796392.48   -1139507.68     615564.76 01-03    00    (     0.930873,      124.473718)  30000.00 0.02913
2009:095:13:00:00.00   -4467337.98     -92780.60    -305102.19 01-04    00    (     0.528292,     -179.029837)  30000.00 0.03258
2009:095:13:00:00.00   -6169192.23    3716741.62    -600832.26 01-05    00    (     0.161724,        0.337929)  30000.00 0.00964
2009:095:13:00:00.00   -2489444.28    7566364.30     220552.47 01-08    00    (     0.199920,       -5.298867)  30000.00 0.04559
2009:095:13:00:00.00     602544.78    -213210.95     271198.28 02-03    00    (     2.177173,      -12.012520)  30000.00 0.03908
2009:095:13:00:00.00   -1068400.71     833516.13    -649468.66 02-04    00    (     1.539856,       18.399159)  30000.00 0.02937
2009:095:13:00:00.00   -2770254.97    4643038.35    -945198.74 02-05    00    (     0.147938,      166.784409)  30000.00 0.00689
2009:095:13:00:00.00     909492.98    8492661.03    -123814.01 02-08    00    (     0.184367,      -21.219901)  30000.00 0.11545
2009:095:13:00:00.00   -1670945.50    1046727.07    -920666.95 03-04    00    (     1.140933,       34.695685)  30000.00 0.02472
2009:095:13:00:00.00   -3372799.75    4856249.30   -1216397.02 03-05    00    (     0.035486,      162.569758)  30000.00 0.00620
2009:095:13:00:00.00     306948.20    8705871.98    -395012.29 03-08    00    (     0.083845,       24.169808)  30000.00 0.08728
2009:095:13:00:00.00   -1701854.25    3809522.22    -295730.07 04-05    00    (     0.210069,      166.029206)  30000.00 0.00331
2009:095:13:00:00.00    1977893.70    7659144.91     525654.65 04-08    00    (     0.215733,      -15.246761)  30000.00 0.07099
2009:095:13:00:00.00    3679747.95    3849622.68     821384.73 05-08    00    (     0.376799,      130.480006)  30000.00 0.01027
2009:095:13:20:00.00   -3398868.52    -781975.96     604644.35 01-02    00    (     0.811054,      146.223816)  30000.00 0.04186
2009:095:13:20:00.00   -2786937.17   -1020970.84     829342.15 01-03    00    (     0.921080,      120.521095)  30000.00 0.02886
2009:095:13:20:00.00   -4477496.40      97122.64      37382.22 01-04    00    (     0.511270,     -177.019820)  30000.00 0.03236
2009:095:13:20:00.00   -6033995.28    3975821.30    -133590.36 01-05    00    (     0.176338,       -1.510364)  30000.00 0.00913
2009:095:13:20:00.00   -2142401.68    7664700.68     397898.96 01-08    00    (     0.158427,       -7.755711)  30000.00 0.04487
2009:095:13:20:00.00     611931.36    -238994.87     224697.80 02-03    00    (     2.240068,      -13.298139)  30000.00 0.03909
2009:095:13:20:00.00   -1078627.87     879098.60    -567262.13 02-04    00    (     1.581092,       17.585194)  30000.00 0.02940
2009:095:13:20:00.00   -2635126.76    4757797.27    -738234.71 02-05    00    (     0.141733,      157.042173)  30000.00 0.00680
2009:095:13:20:00.00    1256466.84    8446676.64    -206745.39 02-08    00    (     0.340311,      -53.392530)  30000.00 0.12213
2009:095:13:20:00.00   -1690559.23    1118093.48    -791959.93 03-04    00    (     1.043134,       36.449984)  30000.00 0.02478
2009:095:13:20:00.00   -3247058.11    4996792.14    -962932.51 03-05    00    (     0.032215,      143.640173)  30000.00 0.00611
2009:095:13:20:00.00     644535.49    8685671.51    -431443.19 03-08    00    (     0.105611,     -113.831059)  30000.00 0.09127
2009:095:13:20:00.00   -1556498.88    3878698.67    -170972.58 04-05    00    (     0.218866,      166.871454)  30000.00 0.00328
2009:095:13:20:00.00    2335094.72    7567578.04     360516.74 04-08    00    (     0.197221,      -48.355379)  30000.00 0.07656
2009:095:13:20:00.00    3891593.60    3688879.37     531489.32 05-08    00    (     0.377157,      126.836508)  30000.00 0.01081
2009:095:13:40:00.00   -3372790.59    -638210.30     863921.11 01-02    00    (     0.818148,      142.094871)  30000.00 0.04121
2009:095:13:40:00.00   -2756155.35    -903288.25    1041578.91 01-03    00    (     0.943225,      117.039952)  30000.00 0.02847
2009:095:13:40:00.00   -4453391.63     286729.79     379332.64 01-04    00    (     0.478401,     -174.622618)  30000.00 0.03178
2009:095:13:40:00.00   -5852624.33    4228180.10     321530.63 01-05    00    (     0.188547,        5.787778)  30000.00 0.00851
2009:095:13:40:00.00   -1778964.76    7747953.22     548042.25 01-08    00    (     0.190850,      -33.468300)  30000.00 0.04449
2009:095:13:40:00.00     616635.24    -265077.95     177657.81 02-03    00    (     2.171473,      -10.893602)  30000.00 0.03910
2009:095:13:40:00.00   -1080601.04     924940.10    -484588.47 02-04    00    (     1.517485,       16.563596)  30000.00 0.02941
2009:095:13:40:00.00   -2479833.74    4866390.40    -542390.48 02-05    00    (     0.146482,      152.419515)  30000.00 0.00671
2009:095:13:40:00.00    1593825.83    8386163.52    -315878.86 02-08    00    (     0.138505,      -44.473975)  30000.00 0.12969
2009:095:13:40:00.00   -1697236.28    1190018.04    -662246.28 03-04    00    (     1.051872,       31.083835)  30000.00 0.02481
2009:095:13:40:00.00   -3096468.98    5131468.35    -720048.29 03-05    00    (     0.037481,      135.705348)  30000.00 0.00600
2009:095:13:40:00.00     977190.59    8651241.47    -493536.67 03-08    00    (     0.075524,       68.540999)  30000.00 0.09591
2009:095:13:40:00.00   -1399232.71    3941450.31     -57802.01 04-05    00    (     0.224062,      169.153443)  30000.00 0.00326
2009:095:13:40:00.00    2674426.87    7461223.42     168709.61 04-08    00    (     0.316056,      -23.264562)  30000.00 0.08265
2009:095:13:40:00.00    4073659.58    3519773.12     226511.62 05-08    00    (     0.400792,      125.330124)  30000.00 0.01128
2009:095:14:00:00.00   -3320903.02    -496099.89    1120212.68 01-02    00    (     0.766265,      137.510765)  30000.00 0.04033
2009:095:14:00:00.00   -2704282.58    -787360.46    1250650.96 01-03    00    (     0.974876,      107.762879)  30000.00 0.02797
2009:095:14:00:00.00   -4395208.13     474589.93     718132.36 01-04    00    (     0.522652,     -176.921905)  30000.00 0.03089
2009:095:14:00:00.00   -5626467.30    4471886.87     761047.97 01-05    00    (     0.175159,       -1.223210)  30000.00 0.00783
2009:095:14:00:00.00   -1401914.65    7815484.86     669833.39 01-08    00    (     0.222241,      -31.921182)  30000.00 0.04448
2009:095:14:00:00.00     616620.44    -291260.57     130438.28 02-03    00    (     2.213770,      -10.397677)  30000.00 0.03910
2009:095:14:00:00.00   -1074305.11     970689.82    -402080.32 02-04    00    (     1.484096,       16.049439)  30000.00 0.02941
2009:095:14:00:00.00   -2305564.27    4967986.76    -359164.71 02-05    00    (     0.136924,      149.669314)  30000.00 0.00662
2009:095:14:00:00.00    1918988.38    8311584.74    -450379.29 02-08    00    (     0.362535,       29.148966)  30000.00 0.13804
2009:095:14:00:00.00   -1690925.55    1261950.39    -532518.60 03-04    00    (     0.976813,       31.537865)  30000.00 0.02481
2009:095:14:00:00.00   -2922184.71    5259247.33    -489602.99 03-05    00    (     0.049670,      105.628166)  30000.00 0.00588
2009:095:14:00:00.00    1302367.94    8602845.32    -580817.57 03-08    00    (     0.170877,      -61.485941)  30000.00 0.10118
2009:095:14:00:00.00   -1231259.17    3997296.94      42915.61 04-05    00    (     0.221666,      170.925335)  30000.00 0.00325
2009:095:14:00:00.00    2993293.48    7340894.93     -48298.97 04-08    00    (     0.205704,      -16.412106)  30000.00 0.08912
2009:095:14:00:00.00    4224552.65    3343597.98     -91214.58 05-08    00    (     0.381896,      129.136418)  30000.00 0.01165
2009:095:14:20:00.00   -3243602.88    -356732.20    1371557.84 01-02    00    (     0.793957,      126.175660)  30000.00 0.03924
2009:095:14:20:00.00   -2631715.82    -674074.59    1454958.40 01-03    00    (     1.010499,      107.810171)  30000.00 0.02737
2009:095:14:20:00.00   -4303391.15     659265.47    1051188.78 01-04    00    (     0.482618,      176.362102)  30000.00 0.02973
2009:095:14:20:00.00   -5357254.81    4705076.70    1181598.34 01-05    00    (     0.164989,       -1.247877)  30000.00 0.00715
2009:095:14:20:00.00   -1014136.67    7866778.81     762340.40 01-08    00    (     0.271068,      -24.468792)  30000.00 0.04490
2009:095:14:20:00.00     611887.07    -317342.39      83400.56 02-03    00    (     2.153630,      -11.018843)  30000.00 0.03909
2009:095:14:20:00.00   -1059788.27    1015997.67    -320369.06 02-04    00    (     1.529285,       15.336827)  30000.00 0.02939
2009:095:14:20:00.00   -2113651.92    5061808.90    -189959.50 02-05    00    (     0.135900,      138.854447)  30000.00 0.00653
2009:095:14:20:00.00    2229466.22    8223511.01    -609217.44 02-08    00    (     0.244740,        2.164972)  30000.00 0.14706
2009:095:14:20:00.00   -1671675.34    1333340.06    -403769.62 03-04    00    (     0.961078,       32.890854)  30000.00 0.02477
2009:095:14:20:00.00   -2725538.99    5379151.29    -273360.06 03-05    00    (     0.048357,       99.782581)  30000.00 0.00577
2009:095:14:20:00.00    1617579.15    8540853.40    -692618.00 03-08    00    (     0.236592,      -53.448797)  30000.00 0.10702
2009:095:14:20:00.00   -1053863.66    4045811.23     130409.56 04-05    00    (     0.230429,      172.614389)  30000.00 0.00324
2009:095:14:20:00.00    3289254.48    7207513.34    -288848.38 04-08    00    (     0.233547,      -17.266612)  30000.00 0.09578
2009:095:14:20:00.00    4343118.14    3161702.11    -419257.94 05-08    00    (     0.401170,      126.330089)  30000.00 0.01191
2009:095:14:40:00.00   -3141481.69    -221173.70    1616033.23 01-02    00    (     0.825848,      126.226255)  30000.00 0.03800
2009:095:14:40:00.00   -2539010.34    -564297.52    1652937.81 01-03    00    (     0.952322,      101.608550)  30000.00 0.02671
2009:095:14:40:00.00   -4178643.29     839343.24    1375953.26 01-04    00    (     0.526077,      176.008703)  30000.00 0.02838
2009:095:14:40:00.00   -5047046.94    4925965.15    1579963.58 01-05    00    (     0.151012,       -2.032163)  30000.00 0.00648
2009:095:14:40:00.00    -618598.19    7901442.58     824855.39 01-08    00    (     0.199373,      -17.142242)  30000.00 0.04576
2009:095:14:40:00.00     602471.35    -343123.82      36904.58 02-03    00    (     2.189646,      -11.731517)  30000.00 0.03908
2009:095:14:40:00.00   -1037161.60    1060516.95    -240079.97 02-04    00    (     1.504325,       13.024898)  30000.00 0.02936
2009:095:14:40:00.00   -1905565.25    5147138.86     -36069.65 02-05    00    (     0.146490,      132.614834)  30000.00 0.00646
2009:095:14:40:00.00    2522883.50    8122616.28    -791177.84 02-08    00    (     0.424204,       13.998693)  30000.00 0.15653
2009:095:14:40:00.00   -1639632.95    1403640.77    -276984.55 03-04    00    (     0.949420,       29.806186)  30000.00 0.02470
2009:095:14:40:00.00   -2508036.60    5490262.68     -72974.23 03-05    00    (     0.056814,      107.860168)  30000.00 0.00565
2009:095:14:40:00.00    1920412.15    8465740.10    -828082.42 03-08    00    (     0.196823,      -54.123101)  30000.00 0.11336
2009:095:14:40:00.00    -868403.65    4086621.91     204010.32 04-05    00    (     0.234733,      174.792096)  30000.00 0.00323
2009:095:14:40:00.00    3560045.10    7062099.34    -551097.88 04-08    00    (     0.286126,      -53.224046)  30000.00 0.10238
2009:095:14:40:00.00    4428448.75    2975477.43    -755108.19 05-08    00    (     0.457207,      135.467000)  30000.00 0.01202
2009:095:15:00:00.00   -3015320.91     -90461.75    1851768.05 01-02    00    (     0.759499,      113.676692)  30000.00 0.03665
2009:095:15:00:00.00   -2426875.58    -458869.32    1843074.20 01-03    00    (     1.072520,       91.834070)  30000.00 0.02600
2009:095:15:00:00.00   -4021919.16    1013445.23    1689940.60 01-04    00    (     0.459352,      166.357698)  30000.00 0.02689
2009:095:15:00:00.00    -218326.01    7919210.89     856899.97 01-08    00    (     0.225676,      -24.007438)  30000.00 0.04712
2009:095:15:00:00.00     588445.34    -368407.57      -8693.85 02-03    00    (     2.211652,       -9.926048)  30000.00 0.03905
2009:095:15:00:00.00   -1006598.25    1103906.98    -161827.44 02-04    00    (     1.473930,       10.702658)  30000.00 0.02932
2009:095:15:00:00.00    2796994.91    8009672.64    -994868.08 02-08    00    (     0.291143,       11.253119)  30000.00 0.16620
2009:095:15:00:00.00   -1595043.58    1472314.55    -153133.60 03-04    00    (     0.896038,       25.221200)  30000.00 0.02460
2009:095:15:00:00.00    2208549.57    8378080.21    -986174.23 03-08    00    (     0.271039,      -48.377606)  30000.00 0.12007
2009:095:15:00:00.00    3803593.15    6905765.67    -833040.63 04-08    00    (     0.320260,      -29.349024)  30000.00 0.10863
2009:095:15:20:00.00     183616.87    7919947.79     858228.93 01-08    00    (     0.187710,      -16.607802)  30000.00 0.04899
2009:095:15:40:00.00     584154.66    7903647.62     828832.10 01-08    00    (     0.213672,      -23.131223)  30000.00 0.05140
2009:095:16:00:00.00     980222.31    7870435.12     768934.44 01-08    00    (     0.199177,      -21.764284)  30000.00 0.05439
2009:095:16:20:00.00    1368789.00    7820564.46     678994.29 01-08    00    (     0.117270,       -6.292316)  30000.00 0.05798
2009:095:16:40:00.00    1746881.30    7754417.24     559699.90 01-08    00    (     0.178618,      -30.330452)  30000.00 0.06215
2009:095:17:00:00.00    2111605.92    7672499.65     411964.17 01-08    00    (     0.239318,      -12.710379)  30000.00 0.06689
2009:095:17:20:00.00    2460171.87    7575438.56     236917.60 01-08    00    (     0.287416,      -25.139383)  30000.00 0.07214
2009:095:17:40:00.00    2789911.84    7463976.70      35899.70 01-08    00    (     0.106344,      -25.968075)  30000.00 0.07781
2009:095:18:00:00.00    3098302.54    7338967.00    -189551.27 01-08    00    (     0.152834,      -73.496662)  30000.00 0.08375
2009:095:18:20:00.00    3382984.07    7201366.09    -437710.09 01-08    00    (     0.273089,       -3.670420)  30000.00 0.08978
2009:095:18:40:00.00    3641777.97    7052226.93    -706677.78 01-08    00    (     0.136711,      -50.660001)  30000.00 0.09564
2009:095:19:00:00.00    3872703.85    6892690.78    -994396.11 01-08    00    (     0.174529,       21.335329)  30000.00 0.10105
