2009:095:02:20:00.00   -1836605.33    8671798.17   -1429464.08 07-08    00    (     0.063157,     -148.922446)  30000.00 0.03618
2009:095:02:40:00.00    -729044.75    -403258.70     274934.78 06-07    00    (     1.993538,       11.933055)  30000.00 0.00902
2009:095:02:40:00.00   -2300368.96    8340891.50   -1024044.75 06-08    00    (     0.111247,       63.628444)  30000.00 0.04728
2009:095:02:40:00.00   -1571324.21    8744150.19   -1298979.53 07-08    00    (     0.059318,      -29.934861)  30000.00 0.03640
2009:095:03:00:00.00    -722331.91    -372445.25     330505.83 06-07    00    (     2.010302,       11.502301)  30000.00 0.00902
2009:095:03:00:00.00   -2016350.74    8432537.58    -858763.97 06-08    00    (     0.072803,      -39.211566)  30000.00 0.04712
2009:095:03:00:00.00   -1294018.83    8804982.84   -1189269.80 07-08    00    (     0.057601,       33.275899)  30000.00 0.03676
2009:095:03:20:00.00    -710091.56    -342034.20     385351.20 06-07    00    (     2.043586,       11.508554)  30000.00 0.00900
2009:095:03:20:00.00   -1716902.78    8511796.40    -715823.25 06-08    00    (     0.119866,      -24.217138)  30000.00 0.04717
2009:095:03:20:00.00   -1006811.22    8853830.59   -1101174.44 07-08    00    (     0.043008,       27.329307)  30000.00 0.03731
2009:095:03:40:00.00    -692417.37    -312258.24     439051.18 06-07    00    (     2.062654,       11.585804)  30000.00 0.00899
2009:095:03:40:00.00   -1404316.55    8578061.42    -596316.40 06-08    00    (     0.066051,       80.975576)  30000.00 0.04747
2009:095:03:40:00.00    -711899.18    8890319.66   -1035367.58 07-08    00    (     0.032374,       74.805969)  30000.00 0.03804
2009:095:04:00:00.00   -3353860.25   -5673338.93    -286396.05 05-06    00    (     0.109210,      -31.525778)  30000.00 0.00656
2009:095:04:00:00.00   -4023304.84   -5956684.17     204798.80 05-07    00    (     0.118676,       -2.786962)  30000.00 0.00651
2009:095:04:00:00.00   -4434844.32    2957486.65    -787553.99 05-08    00    (     0.131759,     -179.809080)  30000.00 0.00869
2009:095:04:00:00.00    -669444.59    -283345.24     491194.84 06-07    00    (     2.097376,       10.674505)  30000.00 0.00897
2009:095:04:00:00.00   -1080984.07    8630825.58    -501157.94 06-08    00    (     0.066623,      154.811504)  30000.00 0.04807
2009:095:04:00:00.00    -411539.48    8914170.82    -992352.78 07-08    00    (     0.044194,      -14.316914)  30000.00 0.03898
2009:095:04:20:00.00   -3603351.98   -5525633.88     -20014.74 05-06    00    (     0.114664,      -17.140782)  30000.00 0.00697
2009:095:04:20:00.00   -4244700.99   -5781150.33     521368.44 05-07    00    (     0.109670,       -2.494763)  30000.00 0.00687
2009:095:04:20:00.00   -4352731.53    3144051.21    -451090.78 05-08    00    (     0.149431,     -179.600969)  30000.00 0.00850
2009:095:04:20:00.00    -641349.01    -255516.45     541383.18 06-07    00    (     2.141135,       10.714210)  30000.00 0.00896
2009:095:04:20:00.00    -749379.55    8669685.10    -431076.04 06-08    00    (     0.122003,       87.462950)  30000.00 0.04898
2009:095:04:20:00.00    -108030.54    8925201.55    -972459.22 07-08    00    (     0.044422,      -22.372452)  30000.00 0.04015
2009:095:04:40:00.00   -3825269.74   -5367920.58     264416.14 05-06    00    (     0.104913,      -26.500067)  30000.00 0.00734
2009:095:04:40:00.00   -4433615.37   -5596905.40     853648.27 05-07    00    (     0.118697,      -11.050496)  30000.00 0.00718
2009:095:04:40:00.00   -4237310.29    3326422.04    -122190.85 05-08    00    (     0.109943,      173.337786)  30000.00 0.00825
2009:095:04:40:00.00    -608345.63    -228984.82     589232.13 06-07    00    (     2.179225,        9.570196)  30000.00 0.00894
2009:095:04:40:00.00    -412040.55    8694342.62    -386606.99 06-08    00    (     0.173565,       75.052032)  30000.00 0.05025
2009:095:04:40:00.00     196305.08    8923327.43    -975839.12 07-08    00    (     0.014906,      168.821492)  30000.00 0.04155
2009:095:05:00:00.00   -4017915.36   -5201405.90     564720.03 05-06    00    (     0.112246,      -22.250413)  30000.00 0.00767
2009:095:05:00:00.00   -4588602.37   -5405359.27    1199095.57 05-07    00    (     0.108700,       -5.746483)  30000.00 0.00740
2009:095:05:00:00.00   -4089463.85    3503203.56     196628.95 05-08    00    (     0.126313,      168.606380)  30000.00 0.00795
2009:095:05:00:00.00    -570687.00    -203953.37     634375.54 06-07    00    (     2.203977,        8.925622)  30000.00 0.00892
2009:095:05:00:00.00     -71548.49    8704609.45    -368091.09 06-08    00    (     0.126735,      -16.393837)  30000.00 0.05189
2009:095:05:00:00.00     499138.52    8908562.82   -1002466.62 07-08    00    (     0.104438,      -52.394693)  30000.00 0.04318
2009:095:05:20:00.00   -4179814.65   -5027364.05     878598.91 05-06    00    (     0.103900,      -19.847393)  30000.00 0.00793
2009:095:05:20:00.00   -4708475.96   -5207977.72    1555066.86 05-07    00    (     0.101620,       -3.875491)  30000.00 0.00753
2009:095:05:20:00.00   -3910323.57    3673042.98     502928.90 05-08    00    (     0.113309,      169.093013)  30000.00 0.00761
2009:095:05:20:00.00    -528661.31    -180613.67     676467.95 06-07    00    (     2.251074,        8.624666)  30000.00 0.00890
2009:095:05:20:00.00     269491.08    8700407.03    -375670.01 06-08    00    (     0.043904,       26.897109)  30000.00 0.05393
2009:095:05:20:00.00     798152.38    8881020.70   -1052137.96 07-08    00    (     0.027234,     -176.580937)  30000.00 0.04504
2009:095:05:40:00.00   -4309728.71   -4847126.86    1203650.90 05-06    00    (     0.089065,      -30.102799)  30000.00 0.00810
2009:095:05:40:00.00   -4792318.84   -5006271.16    1918838.16 05-07    00    (     0.092198,       -8.280576)  30000.00 0.00753
2009:095:05:40:00.00   -3701260.29    3834640.66     794365.12 05-08    00    (     0.112785,      169.591555)  30000.00 0.00727
2009:095:05:40:00.00    -482590.13    -159144.30     715187.26 06-07    00    (     2.268008,        7.412980)  30000.00 0.00888
2009:095:05:40:00.00     608468.42    8681767.52    -409285.78 06-08    00    (     0.124521,        6.007431)  30000.00 0.05637
2009:095:05:40:00.00    1091058.55    8840911.82   -1124473.04 07-08    00    (     0.077712,      -22.725778)  30000.00 0.04712
2009:095:06:00:00.00   -4406663.40   -4662073.56    1537388.59 05-06    00    (     0.099574,      -34.460139)  30000.00 0.00817
2009:095:06:00:00.00   -4839489.42   -4801783.13    2287625.77 05-07    00    (     0.082400,       -5.600684)  30000.00 0.00743
2009:095:06:00:00.00   -3463873.82    3986759.99    1068707.45 05-08    00    (     0.145533,      170.344420)  30000.00 0.00693
2009:095:06:00:00.00    -432826.02    -139709.56     750237.18 06-07    00    (     2.316927,        6.832974)  30000.00 0.00886
2009:095:06:00:00.00     942789.58    8648833.55    -468681.14 06-08    00    (     0.093536,      -42.447333)  30000.00 0.05922
2009:095:06:00:00.00    1375615.60    8788543.11   -1218918.32 07-08    00    (     0.023830,       30.375771)  30000.00 0.04940
2009:095:06:20:00.00   -4469876.94   -4473620.23    1877258.12 05-06    00    (     0.085158,      -46.577544)  30000.00 0.00813
2009:095:06:20:00.00   -4849626.73   -4596078.41    2658607.62 05-07    00    (     0.094142,      -22.185907)  30000.00 0.00721
2009:095:06:20:00.00   -3199980.72    4128236.90    1323856.53 05-08    00    (     0.167692,      169.093595)  30000.00 0.00660
2009:095:06:20:00.00    -379749.79    -122458.18     781349.50 06-07    00    (     2.347565,        5.846512)  30000.00 0.00885
2009:095:06:20:00.00    1269896.22    8601857.14    -553401.59 06-08    00    (     0.095224,      -14.711857)  30000.00 0.06246
2009:095:06:20:00.00    1649646.01    8724315.32   -1334751.09 07-08    00    (     0.089837,      -17.847354)  30000.00 0.05183
2009:095:06:40:00.00   -4498885.60   -4283208.99    2220658.70 05-06    00    (     0.098095,      -52.907349)  30000.00 0.00799
2009:095:06:40:00.00   -4822653.20   -4390731.14    3028944.83 05-07    00    (     0.086813,      -29.868101)  30000.00 0.00689
2009:095:06:40:00.00   -2911600.38    4257988.78    1557859.88 05-08    00    (     0.178349,      168.432652)  30000.00 0.00630
2009:095:06:40:00.00    -323767.60    -107522.16     808286.14 06-07    00    (     2.367379,        4.853722)  30000.00 0.00883
2009:095:06:40:00.00    1587285.22    8541197.77    -662798.81 06-08    00    (     0.025017,      -12.678766)  30000.00 0.06607
2009:095:06:40:00.00    1911052.82    8648719.93   -1471084.95 07-08    00    (     0.038813,       93.132470)  30000.00 0.05437
2009:095:07:00:00.00   -4493467.40   -4092296.90    2564962.51 05-06    00    (     0.102979,      -81.888999)  30000.00 0.00775
2009:095:07:00:00.00   -2600939.59    4375022.72    1768926.83 05-08    00    (     0.208594,      165.348115)  30000.00 0.00603
2009:095:07:00:00.00    1892527.81    8467319.62    -796035.67 06-08    00    (     0.030147,       36.520922)  30000.00 0.06999
2009:095:07:20:00.00   -4453663.80   -3902344.90    2907534.85 05-06    00    (     0.111107,      -88.353551)  30000.00 0.00741
2009:095:07:20:00.00   -2270375.59    4478443.14    1955442.25 05-08    00    (     0.215740,      167.817220)  30000.00 0.00581
2009:095:07:20:00.00    2183288.21    8380788.04    -952092.61 06-08    00    (     0.164801,       10.794778)  30000.00 0.07416
2009:095:07:40:00.00   -1854737.12    2356705.58   -2915838.26 04-05    00    (     0.268779,      104.504955)  30000.00 0.00313
2009:095:07:40:00.00   -3777175.09    6924164.23    -799859.42 04-08    00    (     0.119291,       63.135099)  30000.00 0.05657
2009:095:07:40:00.00   -1922437.98    4567458.64    2115978.84 05-08    00    (     0.226407,      163.474354)  30000.00 0.00563
2009:095:08:00:00.00   -1970623.06    2437919.87   -2769370.91 04-05    00    (     0.269009,      119.041812)  30000.00 0.00318
2009:095:08:00:00.00   -3530412.33    7079307.91    -520062.76 04-08    00    (     0.250003,       20.136072)  30000.00 0.05481
2009:095:08:00:00.00   -1559789.28    4641388.04    2249308.14 05-08    00    (     0.251777,      162.240120)  30000.00 0.00551
2009:095:08:20:00.00   -2071429.18    2523734.63   -2614606.74 04-05    00    (     0.287260,      134.671512)  30000.00 0.00323
2009:095:08:20:00.00   -3256633.78    7223400.24    -260196.87 04-08    00    (     0.099841,      -28.147253)  30000.00 0.05314
2009:095:08:20:00.00   -1185204.60    4699665.61    2354409.87 05-08    00    (     0.260186,      162.072271)  30000.00 0.00543
2009:095:08:40:00.00   -2156384.09    2613493.19   -2452730.06 04-05    00    (     0.295711,      143.609637)  30000.00 0.00328
2009:095:08:40:00.00   -2957934.45    7355338.59     -22250.30 04-08    00    (     0.140682,       17.010933)  30000.00 0.05162
2009:095:08:40:00.00    -801550.36    4741845.40    2430479.77 05-08    00    (     0.286807,      160.216840)  30000.00 0.00542
2009:095:09:00:00.00   -2224837.69    2706508.68   -2284979.60 04-05    00    (     0.313559,      150.233103)  30000.00 0.00332
2009:095:09:00:00.00   -2636600.09    7474113.31     191956.11 04-08    00    (     0.188816,       28.802980)  30000.00 0.05035
2009:095:09:00:00.00    -411762.41    4767604.63    2476935.71 05-08    00    (     0.292923,      157.994930)  30000.00 0.00545
2009:095:09:20:00.00    -476084.33     442377.66   -1354874.34 02-04    00    (     2.132341,        7.145536)  30000.00 0.02841
2009:095:09:20:00.00   -2752350.47    3244446.99   -3467513.37 02-05    00    (     0.330846,      172.360641)  30000.00 0.00635
2009:095:09:20:00.00   -2771173.99    8021193.17    -974091.17 02-08    00    (     0.110517,       13.772598)  30000.00 0.09542
2009:095:09:20:00.00   -2276266.14    2802069.34   -2112639.02 04-05    00    (     0.326170,      155.670109)  30000.00 0.00336
2009:095:09:20:00.00   -2295089.66    7578815.52     380783.18 04-08    00    (     0.185289,       33.356466)  30000.00 0.04938
2009:095:09:20:00.00     -18823.52    4776746.18    2493422.20 05-08    00    (     0.304399,      153.878775)  30000.00 0.00555
2009:095:09:40:00.00    -559068.66     464354.47   -1315239.87 02-04    00    (     2.071528,        9.759674)  30000.00 0.02850
2009:095:09:40:00.00   -2869344.56    3363798.35   -3252267.02 02-05    00    (     0.308282,      173.686222)  30000.00 0.00651
2009:095:09:40:00.00   -2495085.15    8132998.45    -772453.93 02-08    00    (     0.104577,       61.157042)  30000.00 0.09425
2009:095:09:40:00.00   -2310275.90    2899443.88   -1937027.15 04-05    00    (     0.337826,      159.109471)  30000.00 0.00339
2009:095:09:40:00.00   -1936016.49    7668643.99     542785.94 04-08    00    (     0.132739,       35.922650)  30000.00 0.04877
2009:095:09:40:00.00     374259.41    4769200.10    2479813.09 05-08    00    (     0.320143,      151.652383)  30000.00 0.00571
2009:095:10:00:00.00    -637774.83     489764.04   -1269414.52 02-04    00    (     2.022884,       11.770807)  30000.00 0.02859
2009:095:10:00:00.00   -2964381.54    3487651.23   -3028902.34 02-05    00    (     0.287571,      174.272938)  30000.00 0.00667
2009:095:10:00:00.00   -2199903.17    8232675.36    -592689.82 02-08    00    (     0.187848,       34.675124)  30000.00 0.09343
2009:095:10:00:00.00   -2326606.71    2997887.19   -1759487.82 04-05    00    (     0.337207,      161.694878)  30000.00 0.00341
2009:095:10:00:00.00   -1562128.34    7742911.32     676724.70 04-08    00    (     0.193458,       10.540511)  30000.00 0.04857
2009:095:10:00:00.00     764478.37    4745024.14    2436212.52 05-08    00    (     0.310160,      150.960427)  30000.00 0.00592
2009:095:10:20:00.00     374643.66     -40224.46     583173.86 02-03    00    (     2.349524,       -5.882016)  30000.00 0.03878
2009:095:10:20:00.00    -711600.55     518411.95   -1217748.94 02-04    00    (     1.949690,       10.647883)  30000.00 0.02869
2009:095:10:20:00.00   -3036734.16    3615057.87   -2799128.54 02-05    00    (     0.259188,      174.364926)  30000.00 0.00680
2009:095:10:20:00.00   -1887886.83    8319461.16    -436174.42 02-08    00    (     0.258808,     -172.773304)  30000.00 0.09307
2009:095:10:20:00.00   -1086244.21     558636.41   -1800922.80 03-04    00    (     1.621618,       20.917521)  30000.00 0.02333
2009:095:10:20:00.00   -3411377.82    3655282.33   -3382302.40 03-05    00    (     0.205011,      172.785701)  30000.00 0.00585
2009:095:10:20:00.00   -2262530.49    8359685.62   -1019348.28 03-08    00    (     0.096208,       91.241064)  30000.00 0.07608
2009:095:10:20:00.00   -2325133.61    3096645.93   -1581379.60 04-05    00    (     0.337293,      163.229588)  30000.00 0.00342
2009:095:10:20:00.00   -1176286.29    7801049.21     781574.52 04-08    00    (     0.089918,       -5.018044)  30000.00 0.04881
2009:095:10:20:00.00    1148847.33    4704403.29    2362954.12 05-08    00    (     0.300723,      146.509860)  30000.00 0.00621
2009:095:10:40:00.00     416077.80     -57011.87     552898.31 02-03    00    (     2.357071,       -7.420226)  30000.00 0.03882
2009:095:10:40:00.00    -779980.87     550078.96   -1160638.51 02-04    00    (     1.880158,       14.993859)  30000.00 0.02880
2009:095:10:40:00.00   -3085848.75    3745043.33   -2564703.95 02-05    00    (     0.238353,      173.773422)  30000.00 0.00690
2009:095:10:40:00.00   -1561423.80    8392691.73    -304105.45 02-08    00    (     0.031643,     -110.724922)  30000.00 0.09326
2009:095:10:40:00.00   -1196058.68     607090.82   -1713536.82 03-04    00    (     1.470045,       24.408114)  30000.00 0.02354
2009:095:10:40:00.00   -3501926.55    3802055.19   -3117602.26 03-05    00    (     0.158637,      175.454169)  30000.00 0.00600
2009:095:10:40:00.00   -1977501.60    8449703.59    -857003.76 03-08    00    (     0.033036,       61.316450)  30000.00 0.07586
2009:095:10:40:00.00   -2305867.88    3194964.37   -1404065.44 04-05    00    (     0.337909,      164.035006)  30000.00 0.00342
2009:095:10:40:00.00    -781442.93    7842612.77     856533.06 04-08    00    (     0.103567,       21.700053)  30000.00 0.04954
2009:095:10:40:00.00    1524424.95    4647648.40    2260598.50 05-08    00    (     0.295532,      144.360820)  30000.00 0.00655
2009:095:11:00:00.00     454327.99     -75491.01     519571.77 02-03    00    (     2.295255,       -6.660224)  30000.00 0.03887
2009:095:11:00:00.00    -842392.55     584522.74   -1098520.24 02-04    00    (     1.818816,       13.617914)  30000.00 0.02890
2009:095:11:00:00.00   -3111349.48    3876612.90   -2327422.44 02-05    00    (     0.219947,      173.263339)  30000.00 0.00698
2009:095:11:00:00.00   -1223012.28    8451806.68    -197493.53 02-08    00    (     0.041813,      157.402825)  30000.00 0.09407
2009:095:11:00:00.00   -1296720.54     660013.75   -1618092.01 03-04    00    (     1.422175,       28.086664)  30000.00 0.02375
2009:095:11:00:00.00   -3565677.46    3952103.91   -2846994.21 03-05    00    (     0.123476,      173.762162)  30000.00 0.00613
2009:095:11:00:00.00   -1677340.26    8527297.69    -717065.30 03-08    00    (     0.135668,      171.317620)  30000.00 0.07600
2009:095:11:00:00.00   -2268956.93    3292090.16   -1228902.20 04-05    00    (     0.338388,      164.844394)  30000.00 0.00342
2009:095:11:00:00.00    -380619.73    7867283.93     901026.71 04-08    00    (     0.055283,        5.630356)  30000.00 0.05079
2009:095:11:00:00.00    1888337.20    4575193.78    2129928.91 05-08    00    (     0.278627,      141.749493)  30000.00 0.00696
2009:095:11:20:00.00   -3016048.45   -1617896.79    -902912.04 01-02    00    (     0.368313,      159.690715)  30000.00 0.03998
2009:095:11:20:00.00   -2526946.94   -1713417.28    -419462.79 01-03    00    (     0.280936,      134.826773)  30000.00 0.02846
2009:095:11:20:00.00   -3914406.42    -996417.06   -1934781.54 01-04    00    (     0.422392,     -169.153923)  30000.00 0.02869
2009:095:11:20:00.00   -6129089.64    2390862.98   -2992011.83 01-05    00    (     0.105153,       46.503566)  30000.00 0.00955
2009:095:11:20:00.00   -3891290.34    6878456.85   -1020066.54 01-08    00    (     0.104058,       36.914137)  30000.00 0.05239
2009:095:11:20:00.00     489101.51     -95520.48     483449.26 02-03    00    (     2.259291,       -7.971182)  30000.00 0.03891
2009:095:11:20:00.00    -898357.98     621479.73   -1031869.50 02-04    00    (     1.717197,       16.833974)  30000.00 0.02900
2009:095:11:20:00.00   -3113041.19    4008759.78   -2089099.79 02-05    00    (     0.189564,      174.051093)  30000.00 0.00703
2009:095:11:20:00.00    -875241.89    8496353.65    -117154.50 02-08    00    (     0.041068,      140.364111)  30000.00 0.09558
2009:095:11:20:00.00   -1387459.49     717000.22   -1515318.75 03-04    00    (     1.285348,       29.697874)  30000.00 0.02396
2009:095:11:20:00.00   -3602142.70    4104280.26   -2572549.05 03-05    00    (     0.098421,      158.742696)  30000.00 0.00623
2009:095:11:20:00.00   -1364343.40    8591874.13    -600603.76 03-08    00    (     0.158100,       83.395892)  30000.00 0.07655
2009:095:11:20:00.00   -2214683.22    3387280.04   -1057230.30 04-05    00    (     0.338648,      164.775171)  30000.00 0.00341
2009:095:11:20:00.00      23116.08    7874873.91     914714.99 04-08    00    (     0.217719,        2.734031)  30000.00 0.05260
2009:095:11:20:00.00    2237799.30    4487593.87    1971945.29 05-08    00    (     0.270000,      140.627660)  30000.00 0.00742
2009:095:11:40:00.00   -3142084.70   -1487156.59    -667126.28 01-02    00    (     0.372138,      167.110232)  30000.00 0.04092
2009:095:11:40:00.00   -2621952.42   -1604103.60    -222319.09 01-03    00    (     0.292821,      143.278475)  30000.00 0.02884
2009:095:11:40:00.00   -4089533.59    -826489.47   -1628322.58 01-04    00    (     0.461876,     -170.362008)  30000.00 0.03001
2009:095:11:40:00.00   -6232995.66    2653316.15   -2518685.97 01-05    00    (     0.111260,       53.286083)  30000.00 0.00996
2009:095:11:40:00.00   -3662858.58    7038835.16    -730829.42 01-08    00    (     0.153136,       11.189971)  30000.00 0.05084
2009:095:11:40:00.00     520132.28    -116947.01     444807.20 02-03    00    (     2.243024,       -7.915153)  30000.00 0.03896
2009:095:11:40:00.00    -947448.89     660667.12    -961196.30 02-04    00    (     1.618422,       18.458232)  30000.00 0.02910
2009:095:11:40:00.00   -3090910.96    4140472.74   -1851559.69 02-05    00    (     0.177926,      168.961578)  30000.00 0.00705
2009:095:11:40:00.00    -520773.88    8525991.75     -63703.13 02-08    00    (     0.131595,     -137.455160)  30000.00 0.09784
2009:095:11:40:00.00   -1467581.17     777614.14   -1406003.49 03-04    00    (     1.197061,       31.400626)  30000.00 0.02415
2009:095:11:40:00.00   -3611043.24    4257419.75   -2296366.89 03-05    00    (     0.078262,      138.976271)  30000.00 0.00629
2009:095:11:40:00.00   -1040906.16    8642938.76    -508510.33 03-08    00    (     0.174193,       11.575169)  30000.00 0.07757
2009:095:11:40:00.00   -2143462.07    3479805.62    -890363.39 04-05    00    (     0.334311,      165.179592)  30000.00 0.00340
2009:095:11:40:00.00     426675.01    7865324.63     897493.16 04-08    00    (     0.078948,       -0.897165)  30000.00 0.05500
2009:095:11:40:00.00    2570137.08    4385519.01    1787856.56 05-08    00    (     0.276017,      139.056415)  30000.00 0.00794
2009:095:12:00:00.00   -3244076.74   -1351575.24    -422609.66 01-02    00    (     0.364919,      169.345636)  30000.00 0.04165
2009:095:12:00:00.00   -2696893.90   -1491181.87     -18668.37 01-03    00    (     0.293024,      138.185679)  30000.00 0.02911
2009:095:12:00:00.00   -4233366.37    -649790.20   -1309651.12 01-04    00    (     0.443473,     -173.661813)  30000.00 0.03111
2009:095:12:00:00.00   -6289204.86    2919168.64   -2039229.54 01-05    00    (     0.124582,       60.892672)  30000.00 0.01018
2009:095:12:00:00.00   -3406397.48    7188918.95    -460158.12 01-08    00    (     0.160295,       68.195592)  30000.00 0.04931
2009:095:12:00:00.00     547182.84    -139606.64     403941.29 02-03    00    (     2.242189,       -6.329795)  30000.00 0.03900
2009:095:12:00:00.00    -989289.63     701785.04    -887041.46 02-04    00    (     1.632391,       19.240053)  30000.00 0.02919
2009:095:12:00:00.00   -3045128.12    4270743.87   -1616619.88 02-05    00    (     0.153032,      169.932268)  30000.00 0.00705
2009:095:12:00:00.00    -162320.75    8540494.18     -37548.46 02-08    00    (     0.109832,       -0.480799)  30000.00 0.10091
2009:095:12:00:00.00   -1536472.47     841391.68   -1290982.74 03-04    00    (     1.122687,       35.894335)  30000.00 0.02433
2009:095:12:00:00.00   -3592310.96    4410350.51   -2020561.17 03-05    00    (     0.043014,      132.125626)  30000.00 0.00632
2009:095:12:00:00.00    -709503.58    8680100.82    -441489.74 03-08    00    (     0.061065,       64.089934)  30000.00 0.07912
2009:095:12:00:00.00   -2055838.49    3568958.84    -729578.42 04-05    00    (     0.339254,      165.961843)  30000.00 0.00338
2009:095:12:00:00.00     826968.89    7838709.15     849493.00 04-08    00    (     0.207119,        3.156229)  30000.00 0.05802
2009:095:12:00:00.00    2882807.38    4269750.31    1579071.42 05-08    00    (     0.248569,      133.374522)  30000.00 0.00850
2009:095:12:20:00.00   -3321244.11   -1212190.24    -171233.29 01-02    00    (     0.384875,      165.465065)  30000.00 0.04212
2009:095:12:20:00.00   -2751197.93   -1375516.20     189930.96 01-03    00    (     0.366256,      131.489510)  30000.00 0.02926
2009:095:12:20:00.00   -4344804.14    -467671.41    -981205.73 01-04    00    (     0.439854,     -167.474404)  30000.00 0.03194
2009:095:12:20:00.00   -6297287.13    3186386.07   -1557311.48 01-05    00    (     0.132965,       55.549204)  30000.00 0.01020
2009:095:12:20:00.00   -3123869.59    7327559.74    -210123.90 01-08    00    (     0.155663,       37.708815)  30000.00 0.04787
2009:095:12:20:00.00     570046.18    -163325.96     361164.25 02-03    00    (     2.183377,       -8.566773)  30000.00 0.03903
2009:095:12:20:00.00   -1023560.03     744518.83    -809972.44 02-04    00    (     1.504738,       21.294118)  30000.00 0.02926
2009:095:12:20:00.00   -2976043.03    4398576.30   -1386078.19 02-05    00    (     0.145428,      161.633912)  30000.00 0.00701
2009:095:12:20:00.00     197374.52    8539749.98     -38890.61 02-08    00    (     0.064062,      -59.731368)  30000.00 0.10485
2009:095:12:20:00.00   -1593606.21     907844.79   -1171136.69 03-04    00    (     1.039509,       33.717484)  30000.00 0.02449
2009:095:12:20:00.00   -3546089.21    4561902.27   -1747242.44 03-05    00    (     0.064044,      110.628413)  30000.00 0.00631
2009:095:12:20:00.00    -372671.66    8703075.94    -400054.86 03-08    00    (     0.038674,       45.254553)  30000.00 0.08122
2009:095:12:20:00.00   -1952483.00    3654057.48    -576105.75 04-05    00    (     0.336167,      164.994465)  30000.00 0.00336
2009:095:12:20:00.00    1220934.55    7795231.15     771081.82 04-08    00    (     0.178347,      -26.844973)  30000.00 0.06169
2009:095:12:20:00.00    3173417.55    4141173.67    1347187.58 05-08    00    (     0.241866,      133.501401)  30000.00 0.00909
2009:095:12:40:00.00   -3372996.29   -1070068.21      85079.22 01-02    00    (     0.362519,      166.897359)  30000.00 0.04232
2009:095:12:40:00.00   -2784448.94   -1257991.69     401882.65 01-03    00    (     0.304874,      136.164277)  30000.00 0.02926
2009:095:12:40:00.00   -4422994.12    -281526.73    -645499.77 01-04    00    (     0.346271,     -166.289179)  30000.00 0.03244
2009:095:12:40:00.00   -6257180.62    3452923.61   -1076619.58 01-05    00    (     0.123502,       60.039794)  30000.00 0.01001
2009:095:12:40:00.00   -2817436.88    7453696.60      17359.89 01-08    00    (     0.142064,       11.729856)  30000.00 0.04661
2009:095:12:40:00.00     588547.36    -187923.47     316803.43 02-03    00    (     2.192405,       -9.958159)  30000.00 0.03906
2009:095:12:40:00.00   -1049997.83     788541.48    -730578.99 02-04    00    (     1.486675,       20.731762)  30000.00 0.02932
2009:095:12:40:00.00   -2884184.33    4522991.82   -1161698.80 02-05    00    (     0.120581,      161.154648)  30000.00 0.00696
2009:095:12:40:00.00     555559.41    8523764.82     -67719.33 02-08    00    (     0.073330,     -142.737922)  30000.00 0.10969
2009:095:12:40:00.00   -1638545.18     976464.96   -1047382.42 03-04    00    (     0.917155,       40.071000)  30000.00 0.02462
2009:095:12:40:00.00   -3472731.69    4710915.29   -1478502.23 03-05    00    (     0.063588,       86.561917)  30000.00 0.00627
2009:095:12:40:00.00     -32987.94    8711688.29    -384522.76 03-08    00    (     0.136023,      147.526746)  30000.00 0.08394
2009:095:12:40:00.00   -1834186.50    3734450.34    -431119.81 04-05    00    (     0.340949,      164.851668)  30000.00 0.00333
2009:095:12:40:00.00    1605557.24    7735223.33     662859.66 04-08    00    (     0.141104,      -47.514188)  30000.00 0.06602
2009:095:12:40:00.00    3439743.74    4000773.00    1093979.47 05-08    00    (     0.203412,      135.237291)  30000.00 0.00969
2009:095:13:00:00.00   -3398937.26    -926296.73     344366.48 01-02    00    (     0.474027,      166.267540)  30000.00 0.04223
2009:095:13:00:00.00   -2796392.48   -1139507.68     615564.76 01-03    00    (     0.361240,      140.998027)  30000.00 0.02913
2009:095:13:00:00.00   -4467337.98     -92780.60    -305102.19 01-04    00    (     0.338434,     -178.223212)  30000.00 0.03258
2009:095:13:00:00.00   -6169192.23    3716741.62    -600832.26 01-05    00    (     0.116562,       63.204242)  30000.00 0.00964
2009:095:13:00:00.00   -2489444.28    7566364.30     220552.47 01-08    00    (     0.157373,       -5.113342)  30000.00 0.04559
2009:095:13:00:00.00     602544.78    -213210.95     271198.28 02-03    00    (     2.120110,       -9.679691)  30000.00 0.03908
2009:095:13:00:00.00   -1068400.71     833516.13    -649468.66 02-04    00    (     1.440549,       19.310675)  30000.00 0.02937
2009:095:13:00:00.00   -2770254.97    4643038.35    -945198.74 02-05    00    (     0.114632,      158.921634)  30000.00 0.00689
2009:095:13:00:00.00     909492.98    8492661.03    -123814.01 02-08    00    (     0.142562,       58.005701)  30000.00 0.11545
2009:095:13:00:00.00   -1670945.50    1046727.07    -920666.95 03-04    00    (     0.905779,       40.873116)  30000.00 0.02472
2009:095:13:00:00.00   -3372799.75    4856249.30   -1216397.02 03-05    00    (     0.061719,       83.016305)  30000.00 0.00620
2009:095:13:00:00.00     306948.20    8705871.98    -395012.29 03-08    00    (     0.193660,        0.589742)  30000.00 0.08728
2009:095:13:00:00.00   -1701854.25    3809522.22    -295730.07 04-05    00    (     0.344022,      163.883145)  30000.00 0.00331
2009:095:13:00:00.00    1977893.70    7659144.91     525654.65 04-08    00    (     0.182385,       23.447648)  30000.00 0.07099
2009:095:13:00:00.00    3679747.95    3849622.68     821384.73 05-08    00    (     0.208878,      127.106870)  30000.00 0.01027
2009:095:13:20:00.00   -3398868.52    -781975.96     604644.35 01-02    00    (     0.434358,      167.274969)  30000.00 0.04186
2009:095:13:20:00.00   -2786937.17   -1020970.84     829342.15 01-03    00    (     0.353698,      129.520543)  30000.00 0.02886
2009:095:13:20:00.00   -4477496.40      97122.64      37382.22 01-04    00    (     0.384155,     -163.786046)  30000.00 0.03236
2009:095:13:20:00.00   -6033995.28    3975821.30    -133590.36 01-05    00    (     0.123162,       50.676857)  30000.00 0.00913
2009:095:13:20:00.00   -2142401.68    7664700.68     397898.96 01-08    00    (     0.128877,       37.925445)  30000.00 0.04487
2009:095:13:20:00.00     611931.36    -238994.87     224697.80 02-03    00    (     2.130093,       -9.305534)  30000.00 0.03909
2009:095:13:20:00.00   -1078627.87     879098.60    -567262.13 02-04    00    (     1.472361,       23.267134)  30000.00 0.02940
2009:095:13:20:00.00   -2635126.76    4757797.27    -738234.71 02-05    00    (     0.111330,      155.829072)  30000.00 0.00680
2009:095:13:20:00.00    1256466.84    8446676.64    -206745.39 02-08    00    (     0.123364,       68.478536)  30000.00 0.12213
2009:095:13:20:00.00   -1690559.23    1118093.48    -791959.93 03-04    00    (     0.854908,       40.698788)  30000.00 0.02478
2009:095:13:20:00.00   -3247058.11    4996792.14    -962932.51 03-05    00    (     0.067566,       63.429160)  30000.00 0.00611
2009:095:13:20:00.00     644535.49    8685671.51    -431443.19 03-08    00    (     0.105404,      -75.257126)  30000.00 0.09127
2009:095:13:20:00.00   -1556498.88    3878698.67    -170972.58 04-05    00    (     0.343123,      162.670273)  30000.00 0.00328
2009:095:13:20:00.00    2335094.72    7567578.04     360516.74 04-08    00    (     0.102311,      -23.260279)  30000.00 0.07656
2009:095:13:20:00.00    3891593.60    3688879.37     531489.32 05-08    00    (     0.164387,      124.671940)  30000.00 0.01081
2009:095:13:40:00.00   -3372790.59    -638210.30     863921.11 01-02    00    (     0.388096,      177.011482)  30000.00 0.04121
2009:095:13:40:00.00   -2756155.35    -903288.25    1041578.91 01-03    00    (     0.375349,      126.476275)  30000.00 0.02847
2009:095:13:40:00.00   -4453391.63     286729.79     379332.64 01-04    00    (     0.355901,     -169.008506)  30000.00 0.03178
2009:095:13:40:00.00   -5852624.33    4228180.10     321530.63 01-05    00    (     0.122893,       46.834414)  30000.00 0.00851
2009:095:13:40:00.00   -1778964.76    7747953.22     548042.25 01-08    00    (     0.096576,      -43.831406)  30000.00 0.04449
2009:095:13:40:00.00     616635.24    -265077.95     177657.81 02-03    00    (     2.116205,       -9.415792)  30000.00 0.03910
2009:095:13:40:00.00   -1080601.04     924940.10    -484588.47 02-04    00    (     1.365603,       21.111973)  30000.00 0.02941
2009:095:13:40:00.00   -2479833.74    4866390.40    -542390.48 02-05    00    (     0.094522,      149.945673)  30000.00 0.00671
2009:095:13:40:00.00    1593825.83    8386163.52    -315878.86 02-08    00    (     0.085974,       19.949398)  30000.00 0.12969
2009:095:13:40:00.00   -1697236.28    1190018.04    -662246.28 03-04    00    (     0.736182,       43.912621)  30000.00 0.02481
2009:095:13:40:00.00   -3096468.98    5131468.35    -720048.29 03-05    00    (     0.071561,       70.640623)  30000.00 0.00600
2009:095:13:40:00.00     977190.59    8651241.47    -493536.67 03-08    00    (     0.219416,       80.685506)  30000.00 0.09591
2009:095:13:40:00.00   -1399232.71    3941450.31     -57802.01 04-05    00    (     0.344398,      162.218278)  30000.00 0.00326
2009:095:13:40:00.00    2674426.87    7461223.42     168709.61 04-08    00    (     0.227697,        0.536807)  30000.00 0.08265
2009:095:13:40:00.00    4073659.58    3519773.12     226511.62 05-08    00    (     0.203444,      131.165932)  30000.00 0.01128
2009:095:14:00:00.00   -3320903.02    -496099.89    1120212.68 01-02    00    (     0.414285,      162.402674)  30000.00 0.04033
2009:095:14:00:00.00   -2704282.58    -787360.46    1250650.96 01-03    00    (     0.360200,      114.608380)  30000.00 0.02797
2009:095:14:00:00.00   -4395208.13     474589.93     718132.36 01-04    00    (     0.395896,     -168.815299)  30000.00 0.03089
2009:095:14:00:00.00   -5626467.30    4471886.87     761047.97 01-05    00    (     0.131174,       47.563758)  30000.00 0.00783
2009:095:14:00:00.00   -1401914.65    7815484.86     669833.39 01-08    00    (     0.178608,       -5.031529)  30000.00 0.04448
2009:095:14:00:00.00     616620.44    -291260.57     130438.28 02-03    00    (     2.155116,      -12.229697)  30000.00 0.03910
2009:095:14:00:00.00   -1074305.11     970689.82    -402080.32 02-04    00    (     1.346714,       23.251247)  30000.00 0.02941
2009:095:14:00:00.00   -2305564.27    4967986.76    -359164.71 02-05    00    (     0.094272,      146.379564)  30000.00 0.00662
2009:095:14:00:00.00    1918988.38    8311584.74    -450379.29 02-08    00    (     0.194111,      -57.348750)  30000.00 0.13804
2009:095:14:00:00.00   -1690925.55    1261950.39    -532518.60 03-04    00    (     0.769345,       45.566876)  30000.00 0.02481
2009:095:14:00:00.00   -2922184.71    5259247.33    -489602.99 03-05    00    (     0.070450,       62.963551)  30000.00 0.00588
2009:095:14:00:00.00    1302367.94    8602845.32    -580817.57 03-08    00    (     0.217735,      -50.250633)  30000.00 0.10118
2009:095:14:00:00.00   -1231259.17    3997296.94      42915.61 04-05    00    (     0.345116,      162.131368)  30000.00 0.00325
2009:095:14:00:00.00    2993293.48    7340894.93     -48298.97 04-08    00    (     0.024479,      -22.302999)  30000.00 0.08912
2009:095:14:00:00.00    4224552.65    3343597.98     -91214.58 05-08    00    (     0.217142,      127.871504)  30000.00 0.01165
2009:095:14:20:00.00   -3243602.88    -356732.20    1371557.84 01-02    00    (     0.448334,      150.645316)  30000.00 0.03924
2009:095:14:20:00.00   -2631715.82    -674074.59    1454958.40 01-03    00    (     0.348894,      106.510210)  30000.00 0.02737
2009:095:14:20:00.00   -4303391.15     659265.47    1051188.78 01-04    00    (     0.409223,     -174.498102)  30000.00 0.02973
2009:095:14:20:00.00   -5357254.81    4705076.70    1181598.34 01-05    00    (     0.129065,       52.238063)  30000.00 0.00715
2009:095:14:20:00.00   -1014136.67    7866778.81     762340.40 01-08    00    (     0.174383,       31.603428)  30000.00 0.04490
2009:095:14:20:00.00     611887.07    -317342.39      83400.56 02-03    00    (     2.075998,       -8.887643)  30000.00 0.03909
2009:095:14:20:00.00   -1059788.27    1015997.67    -320369.06 02-04    00    (     1.347256,       22.457288)  30000.00 0.02939
2009:095:14:20:00.00   -2113651.92    5061808.90    -189959.50 02-05    00    (     0.106580,      152.992572)  30000.00 0.00653
2009:095:14:20:00.00    2229466.22    8223511.01    -609217.44 02-08    00    (     0.270021,     -120.362031)  30000.00 0.14706
2009:095:14:20:00.00   -1671675.34    1333340.06    -403769.62 03-04    00    (     0.713019,       42.740871)  30000.00 0.02477
2009:095:14:20:00.00   -2725538.99    5379151.29    -273360.06 03-05    00    (     0.063805,       64.379183)  30000.00 0.00577
2009:095:14:20:00.00    1617579.15    8540853.40    -692618.00 03-08    00    (     0.170453,       69.785763)  30000.00 0.10702
2009:095:14:20:00.00   -1053863.66    4045811.23     130409.56 04-05    00    (     0.356570,      161.746942)  30000.00 0.00324
2009:095:14:20:00.00    3289254.48    7207513.34    -288848.38 04-08    00    (     0.106461,      -71.867317)  30000.00 0.09578
2009:095:14:20:00.00    4343118.14    3161702.11    -419257.94 05-08    00    (     0.182425,      127.227753)  30000.00 0.01191
2009:095:14:40:00.00   -3141481.69    -221173.70    1616033.23 01-02    00    (     0.386402,      143.860841)  30000.00 0.03800
2009:095:14:40:00.00   -2539010.34    -564297.52    1652937.81 01-03    00    (     0.435636,       91.891677)  30000.00 0.02671
2009:095:14:40:00.00   -4178643.29     839343.24    1375953.26 01-04    00    (     0.391265,     -170.683800)  30000.00 0.02838
2009:095:14:40:00.00   -5047046.94    4925965.15    1579963.58 01-05    00    (     0.128213,       51.310578)  30000.00 0.00648
2009:095:14:40:00.00    -618598.19    7901442.58     824855.39 01-08    00    (     0.127127,        0.242224)  30000.00 0.04576
2009:095:14:40:00.00     602471.35    -343123.82      36904.58 02-03    00    (     2.076791,      -12.562082)  30000.00 0.03908
2009:095:14:40:00.00   -1037161.60    1060516.95    -240079.97 02-04    00    (     1.367502,       21.072460)  30000.00 0.02936
2009:095:14:40:00.00   -1905565.25    5147138.86     -36069.65 02-05    00    (     0.113088,      145.088588)  30000.00 0.00646
2009:095:14:40:00.00    2522883.50    8122616.28    -791177.84 02-08    00    (     0.308004,     -161.519136)  30000.00 0.15653
2009:095:14:40:00.00   -1639632.95    1403640.77    -276984.55 03-04    00    (     0.743586,       42.264313)  30000.00 0.02470
2009:095:14:40:00.00   -2508036.60    5490262.68     -72974.23 03-05    00    (     0.064062,       56.133431)  30000.00 0.00565
2009:095:14:40:00.00    1920412.15    8465740.10    -828082.42 03-08    00    (     0.131989,      -11.225086)  30000.00 0.11336
2009:095:14:40:00.00    -868403.65    4086621.91     204010.32 04-05    00    (     0.357794,      160.095188)  30000.00 0.00323
2009:095:14:40:00.00    3560045.10    7062099.34    -551097.88 04-08    00    (     0.067398,      -45.278074)  30000.00 0.10238
2009:095:14:40:00.00    4428448.75    2975477.43    -755108.19 05-08    00    (     0.198601,      138.050385)  30000.00 0.01202
2009:095:15:00:00.00   -3015320.91     -90461.75    1851768.05 01-02    00    (     0.405221,      129.158154)  30000.00 0.03665
2009:095:15:00:00.00   -2426875.58    -458869.32    1843074.20 01-03    00    (     0.473037,       75.821763)  30000.00 0.02600
2009:095:15:00:00.00   -4021919.16    1013445.23    1689940.60 01-04    00    (     0.436162,      179.502357)  30000.00 0.02689
2009:095:15:00:00.00    -218326.01    7919210.89     856899.97 01-08    00    (     0.165443,       14.157496)  30000.00 0.04712
2009:095:15:00:00.00     588445.34    -368407.57      -8693.85 02-03    00    (     2.117635,       -9.362565)  30000.00 0.03905
2009:095:15:00:00.00   -1006598.25    1103906.98    -161827.44 02-04    00    (     1.352179,       21.989788)  30000.00 0.02932
2009:095:15:00:00.00    2796994.91    8009672.64    -994868.08 02-08    00    (     0.360951,     -114.919283)  30000.00 0.16620
2009:095:15:00:00.00   -1595043.58    1472314.55    -153133.60 03-04    00    (     0.698815,       39.347357)  30000.00 0.02460
2009:095:15:00:00.00    2208549.57    8378080.21    -986174.23 03-08    00    (     0.242207,      -12.886993)  30000.00 0.12007
2009:095:15:00:00.00    3803593.15    6905765.67    -833040.63 04-08    00    (     0.120394,       82.777911)  30000.00 0.10863
2009:095:15:20:00.00     183616.87    7919947.79     858228.93 01-08    00    (     0.153754,      -19.320168)  30000.00 0.04899
2009:095:15:40:00.00     584154.66    7903647.62     828832.10 01-08    00    (     0.054567,        6.894963)  30000.00 0.05140
2009:095:16:00:00.00     980222.31    7870435.12     768934.44 01-08    00    (     0.151198,       14.071120)  30000.00 0.05439
2009:095:16:20:00.00    1368789.00    7820564.46     678994.29 01-08    00    (     0.127061,        5.605758)  30000.00 0.05798
2009:095:16:40:00.00    1746881.30    7754417.24     559699.90 01-08    00    (     0.094679,       -4.238416)  30000.00 0.06215
2009:095:17:00:00.00    2111605.92    7672499.65     411964.17 01-08    00    (     0.163365,       11.982033)  30000.00 0.06689
2009:095:17:20:00.00    2460171.87    7575438.56     236917.60 01-08    00    (     0.077955,      -22.997640)  30000.00 0.07214
2009:095:17:40:00.00    2789911.84    7463976.70      35899.70 01-08    00    (     0.126170,      -30.103632)  30000.00 0.07781
2009:095:18:00:00.00    3098302.54    7338967.00    -189551.27 01-08    00    (     0.112446,      -81.610636)  30000.00 0.08375
2009:095:18:20:00.00    3382984.07    7201366.09    -437710.09 01-08    00    (     0.109057,     -103.083009)  30000.00 0.08978
2009:095:18:40:00.00    3641777.97    7052226.93    -706677.78 01-08    00    (     0.165086,      -66.244567)  30000.00 0.09564
2009:095:19:00:00.00    3872703.85    6892690.78    -994396.11 01-08    00    (     0.066725,      -11.620172)  30000.00 0.10105
