2009:095:02:20:00.00   -1836605.33    8671798.17   -1429464.08 07-08    00    (     0.082819,       41.143278)  30000.00 0.03618
2009:095:02:40:00.00    -729044.75    -403258.70     274934.78 06-07    00    (     2.206349,       20.997628)  30000.00 0.00902
2009:095:02:40:00.00   -2300368.96    8340891.50   -1024044.75 06-08    00    (     0.216400,       30.997066)  30000.00 0.04728
2009:095:02:40:00.00   -1571324.21    8744150.19   -1298979.53 07-08    00    (     0.131059,        7.740962)  30000.00 0.03640
2009:095:03:00:00.00    -722331.91    -372445.25     330505.83 06-07    00    (     2.218042,       21.266279)  30000.00 0.00902
2009:095:03:00:00.00   -2016350.74    8432537.58    -858763.97 06-08    00    (     0.119918,       11.173878)  30000.00 0.04712
2009:095:03:00:00.00   -1294018.83    8804982.84   -1189269.80 07-08    00    (     0.100829,       34.094163)  30000.00 0.03676
2009:095:03:20:00.00    -710091.56    -342034.20     385351.20 06-07    00    (     2.247849,       20.568660)  30000.00 0.00900
2009:095:03:20:00.00   -1716902.78    8511796.40    -715823.25 06-08    00    (     0.141836,       32.383136)  30000.00 0.04717
2009:095:03:20:00.00   -1006811.22    8853830.59   -1101174.44 07-08    00    (     0.123581,       54.470564)  30000.00 0.03731
2009:095:03:40:00.00    -692417.37    -312258.24     439051.18 06-07    00    (     2.250298,       20.046441)  30000.00 0.00899
2009:095:03:40:00.00   -1404316.55    8578061.42    -596316.40 06-08    00    (     0.074684,       22.983972)  30000.00 0.04747
2009:095:03:40:00.00    -711899.18    8890319.66   -1035367.58 07-08    00    (     0.101015,       34.784027)  30000.00 0.03804
2009:095:04:00:00.00   -3353860.25   -5673338.93    -286396.05 05-06    00    (     0.167391,      -76.542976)  30000.00 0.00656
2009:095:04:00:00.00   -4023304.84   -5956684.17     204798.80 05-07    00    (     0.192870,      -49.177331)  30000.00 0.00651
2009:095:04:00:00.00   -4434844.32    2957486.65    -787553.99 05-08    00    (     0.398755,     -154.856933)  30000.00 0.00869
2009:095:04:00:00.00    -669444.59    -283345.24     491194.84 06-07    00    (     2.284523,       18.851448)  30000.00 0.00897
2009:095:04:00:00.00   -1080984.07    8630825.58    -501157.94 06-08    00    (     0.081728,        4.353975)  30000.00 0.04807
2009:095:04:00:00.00    -411539.48    8914170.82    -992352.78 07-08    00    (     0.111539,       44.694039)  30000.00 0.03898
2009:095:04:20:00.00   -3603351.98   -5525633.88     -20014.74 05-06    00    (     0.192243,      -77.688707)  30000.00 0.00697
2009:095:04:20:00.00   -4244700.99   -5781150.33     521368.44 05-07    00    (     0.206008,      -52.441474)  30000.00 0.00687
2009:095:04:20:00.00   -4352731.53    3144051.21    -451090.78 05-08    00    (     0.362471,     -154.222467)  30000.00 0.00850
2009:095:04:20:00.00    -641349.01    -255516.45     541383.18 06-07    00    (     2.278461,       17.868071)  30000.00 0.00896
2009:095:04:20:00.00    -749379.55    8669685.10    -431076.04 06-08    00    (     0.162365,       21.739099)  30000.00 0.04898
2009:095:04:20:00.00    -108030.54    8925201.55    -972459.22 07-08    00    (     0.058335,       66.539705)  30000.00 0.04015
2009:095:04:40:00.00   -3825269.74   -5367920.58     264416.14 05-06    00    (     0.188618,      -82.106712)  30000.00 0.00734
2009:095:04:40:00.00   -4433615.37   -5596905.40     853648.27 05-07    00    (     0.198941,      -53.329816)  30000.00 0.00718
2009:095:04:40:00.00   -4237310.29    3326422.04    -122190.85 05-08    00    (     0.363377,     -150.861532)  30000.00 0.00825
2009:095:04:40:00.00    -608345.63    -228984.82     589232.13 06-07    00    (     2.311818,       17.498323)  30000.00 0.00894
2009:095:04:40:00.00    -412040.55    8694342.62    -386606.99 06-08    00    (     0.102329,       64.936462)  30000.00 0.05025
2009:095:04:40:00.00     196305.08    8923327.43    -975839.12 07-08    00    (     0.098812,       25.612281)  30000.00 0.04155
2009:095:05:00:00.00   -4017915.36   -5201405.90     564720.03 05-06    00    (     0.198674,      -81.458477)  30000.00 0.00767
2009:095:05:00:00.00   -4588602.37   -5405359.27    1199095.57 05-07    00    (     0.197695,      -56.338396)  30000.00 0.00740
2009:095:05:00:00.00   -4089463.85    3503203.56     196628.95 05-08    00    (     0.320330,     -150.473786)  30000.00 0.00795
2009:095:05:00:00.00    -570687.00    -203953.37     634375.54 06-07    00    (     2.354682,       16.143756)  30000.00 0.00892
2009:095:05:00:00.00     -71548.49    8704609.45    -368091.09 06-08    00    (     0.060965,      -88.549761)  30000.00 0.05189
2009:095:05:00:00.00     499138.52    8908562.82   -1002466.62 07-08    00    (     0.149709,       30.364789)  30000.00 0.04318
2009:095:05:20:00.00   -4179814.65   -5027364.05     878598.91 05-06    00    (     0.194682,      -86.335978)  30000.00 0.00793
2009:095:05:20:00.00   -4708475.96   -5207977.72    1555066.86 05-07    00    (     0.217108,      -57.576157)  30000.00 0.00753
2009:095:05:20:00.00   -3910323.57    3673042.98     502928.90 05-08    00    (     0.299568,     -150.554253)  30000.00 0.00761
2009:095:05:20:00.00    -528661.31    -180613.67     676467.95 06-07    00    (     2.357508,       14.708076)  30000.00 0.00890
2009:095:05:20:00.00     269491.08    8700407.03    -375670.01 06-08    00    (     0.076034,      -45.420574)  30000.00 0.05393
2009:095:05:20:00.00     798152.38    8881020.70   -1052137.96 07-08    00    (     0.092061,       39.621140)  30000.00 0.04504
2009:095:05:40:00.00   -4309728.71   -4847126.86    1203650.90 05-06    00    (     0.205268,      -84.435627)  30000.00 0.00810
2009:095:05:40:00.00   -4792318.84   -5006271.16    1918838.16 05-07    00    (     0.203892,      -63.916400)  30000.00 0.00753
2009:095:05:40:00.00   -3701260.29    3834640.66     794365.12 05-08    00    (     0.284995,     -151.462235)  30000.00 0.00727
2009:095:05:40:00.00    -482590.13    -159144.30     715187.26 06-07    00    (     2.363047,       13.157047)  30000.00 0.00888
2009:095:05:40:00.00     608468.42    8681767.52    -409285.78 06-08    00    (     0.122246,       -6.747430)  30000.00 0.05637
2009:095:05:40:00.00    1091058.55    8840911.82   -1124473.04 07-08    00    (     0.030703,       33.071918)  30000.00 0.04712
2009:095:06:00:00.00   -4406663.40   -4662073.56    1537388.59 05-06    00    (     0.205773,      -91.878948)  30000.00 0.00817
2009:095:06:00:00.00   -4839489.42   -4801783.13    2287625.77 05-07    00    (     0.221413,      -66.535069)  30000.00 0.00743
2009:095:06:00:00.00   -3463873.82    3986759.99    1068707.45 05-08    00    (     0.258803,     -153.576065)  30000.00 0.00693
2009:095:06:00:00.00    -432826.02    -139709.56     750237.18 06-07    00    (     2.380576,       12.417603)  30000.00 0.00886
2009:095:06:00:00.00     942789.58    8648833.55    -468681.14 06-08    00    (     0.242780,        9.295741)  30000.00 0.05922
2009:095:06:00:00.00    1375615.60    8788543.11   -1218918.32 07-08    00    (     0.223648,       -4.424048)  30000.00 0.04940
2009:095:06:20:00.00   -4469876.94   -4473620.23    1877258.12 05-06    00    (     0.211591,      -98.060616)  30000.00 0.00813
2009:095:06:20:00.00   -4849626.73   -4596078.41    2658607.62 05-07    00    (     0.201016,      -76.420506)  30000.00 0.00721
2009:095:06:20:00.00   -3199980.72    4128236.90    1323856.53 05-08    00    (     0.260679,     -160.518689)  30000.00 0.00660
2009:095:06:20:00.00    -379749.79    -122458.18     781349.50 06-07    00    (     2.403738,       10.050372)  30000.00 0.00885
2009:095:06:20:00.00    1269896.22    8601857.14    -553401.59 06-08    00    (     0.057826,      -30.340243)  30000.00 0.06246
2009:095:06:20:00.00    1649646.01    8724315.32   -1334751.09 07-08    00    (     0.013612,      -21.661712)  30000.00 0.05183
2009:095:06:40:00.00   -4498885.60   -4283208.99    2220658.70 05-06    00    (     0.220326,     -109.240913)  30000.00 0.00799
2009:095:06:40:00.00   -4822653.20   -4390731.14    3028944.83 05-07    00    (     0.216005,      -85.969347)  30000.00 0.00689
2009:095:06:40:00.00   -2911600.38    4257988.78    1557859.88 05-08    00    (     0.240271,     -162.987398)  30000.00 0.00630
2009:095:06:40:00.00    -323767.60    -107522.16     808286.14 06-07    00    (     2.428768,        8.414421)  30000.00 0.00883
2009:095:06:40:00.00    1587285.22    8541197.77    -662798.81 06-08    00    (     0.154013,      -36.380204)  30000.00 0.06607
2009:095:06:40:00.00    1911052.82    8648719.93   -1471084.95 07-08    00    (     0.010893,     -104.221292)  30000.00 0.05437
2009:095:07:00:00.00   -4493467.40   -4092296.90    2564962.51 05-06    00    (     0.234754,     -117.595708)  30000.00 0.00775
2009:095:07:00:00.00   -2600939.59    4375022.72    1768926.83 05-08    00    (     0.240392,     -165.588852)  30000.00 0.00603
2009:095:07:00:00.00    1892527.81    8467319.62    -796035.67 06-08    00    (     0.128026,      -22.375312)  30000.00 0.06999
2009:095:07:20:00.00   -4453663.80   -3902344.90    2907534.85 05-06    00    (     0.268995,     -125.409714)  30000.00 0.00741
2009:095:07:20:00.00   -2270375.59    4478443.14    1955442.25 05-08    00    (     0.210729,     -166.273854)  30000.00 0.00581
2009:095:07:20:00.00    2183288.21    8380788.04    -952092.61 06-08    00    (     0.149193,      -47.908903)  30000.00 0.07416
2009:095:07:40:00.00   -1854737.12    2356705.58   -2915838.26 04-05    00    (     0.753611,       80.757216)  30000.00 0.00313
2009:095:07:40:00.00   -3777175.09    6924164.23    -799859.42 04-08    00    (     0.143535,      -48.333340)  30000.00 0.05657
2009:095:07:40:00.00   -1922437.98    4567458.64    2115978.84 05-08    00    (     0.210995,     -170.693445)  30000.00 0.00563
2009:095:08:00:00.00   -1970623.06    2437919.87   -2769370.91 04-05    00    (     0.700546,       88.035349)  30000.00 0.00318
2009:095:08:00:00.00   -3530412.33    7079307.91    -520062.76 04-08    00    (     0.100574,      -23.196771)  30000.00 0.05481
2009:095:08:00:00.00   -1559789.28    4641388.04    2249308.14 05-08    00    (     0.207162,     -174.333472)  30000.00 0.00551
2009:095:08:20:00.00   -2071429.18    2523734.63   -2614606.74 04-05    00    (     0.647848,       94.213665)  30000.00 0.00323
2009:095:08:20:00.00   -3256633.78    7223400.24    -260196.87 04-08    00    (     0.146217,      -24.096983)  30000.00 0.05314
2009:095:08:20:00.00   -1185204.60    4699665.61    2354409.87 05-08    00    (     0.181290,     -175.280169)  30000.00 0.00543
2009:095:08:40:00.00   -2156384.09    2613493.19   -2452730.06 04-05    00    (     0.612320,      101.047495)  30000.00 0.00328
2009:095:08:40:00.00   -2957934.45    7355338.59     -22250.30 04-08    00    (     0.218551,      -24.736238)  30000.00 0.05162
2009:095:08:40:00.00    -801550.36    4741845.40    2430479.77 05-08    00    (     0.179351,     -175.745281)  30000.00 0.00542
2009:095:09:00:00.00   -2224837.69    2706508.68   -2284979.60 04-05    00    (     0.574346,      107.263852)  30000.00 0.00332
2009:095:09:00:00.00   -2636600.09    7474113.31     191956.11 04-08    00    (     0.241954,       -9.269486)  30000.00 0.05035
2009:095:09:00:00.00    -411762.41    4767604.63    2476935.71 05-08    00    (     0.164711,     -169.925292)  30000.00 0.00545
2009:095:09:20:00.00    -476084.33     442377.66   -1354874.34 02-04    00    (     2.287928,       13.856182)  30000.00 0.02841
2009:095:09:20:00.00   -2752350.47    3244446.99   -3467513.37 02-05    00    (     0.431289,      148.223257)  30000.00 0.00635
2009:095:09:20:00.00   -2771173.99    8021193.17    -974091.17 02-08    00    (     0.273389,       11.958800)  30000.00 0.09542
2009:095:09:20:00.00   -2276266.14    2802069.34   -2112639.02 04-05    00    (     0.547294,      112.733794)  30000.00 0.00336
2009:095:09:20:00.00   -2295089.66    7578815.52     380783.18 04-08    00    (     0.123521,        7.821338)  30000.00 0.04938
2009:095:09:20:00.00     -18823.52    4776746.18    2493422.20 05-08    00    (     0.161659,     -174.403551)  30000.00 0.00555
2009:095:09:40:00.00    -559068.66     464354.47   -1315239.87 02-04    00    (     2.193137,       16.736514)  30000.00 0.02850
2009:095:09:40:00.00   -2869344.56    3363798.35   -3252267.02 02-05    00    (     0.386122,      156.365017)  30000.00 0.00651
2009:095:09:40:00.00   -2495085.15    8132998.45    -772453.93 02-08    00    (     0.074248,     -115.693054)  30000.00 0.09425
2009:095:09:40:00.00   -2310275.90    2899443.88   -1937027.15 04-05    00    (     0.506376,      117.194951)  30000.00 0.00339
2009:095:09:40:00.00   -1936016.49    7668643.99     542785.94 04-08    00    (     0.125659,        4.324265)  30000.00 0.04877
2009:095:09:40:00.00     374259.41    4769200.10    2479813.09 05-08    00    (     0.156690,     -170.993620)  30000.00 0.00571
2009:095:10:00:00.00    -637774.83     489764.04   -1269414.52 02-04    00    (     2.228654,       20.410728)  30000.00 0.02859
2009:095:10:00:00.00   -2964381.54    3487651.23   -3028902.34 02-05    00    (     0.364715,      160.748065)  30000.00 0.00667
2009:095:10:00:00.00   -2199903.17    8232675.36    -592689.82 02-08    00    (     0.106535,       30.810315)  30000.00 0.09343
2009:095:10:00:00.00   -2326606.71    2997887.19   -1759487.82 04-05    00    (     0.481668,      121.291490)  30000.00 0.00341
2009:095:10:00:00.00   -1562128.34    7742911.32     676724.70 04-08    00    (     0.104255,        8.036240)  30000.00 0.04857
2009:095:10:00:00.00     764478.37    4745024.14    2436212.52 05-08    00    (     0.171542,     -172.541230)  30000.00 0.00592
2009:095:10:20:00.00     374643.66     -40224.46     583173.86 02-03    00    (     2.399926,       -9.391257)  30000.00 0.03878
2009:095:10:20:00.00    -711600.55     518411.95   -1217748.94 02-04    00    (     2.237896,       21.728034)  30000.00 0.02869
2009:095:10:20:00.00   -3036734.16    3615057.87   -2799128.54 02-05    00    (     0.335836,      173.924966)  30000.00 0.00680
2009:095:10:20:00.00   -1887886.83    8319461.16    -436174.42 02-08    00    (     0.141046,       92.552560)  30000.00 0.09307
2009:095:10:20:00.00   -1086244.21     558636.41   -1800922.80 03-04    00    (     1.982546,       33.929332)  30000.00 0.02333
2009:095:10:20:00.00   -3411377.82    3655282.33   -3382302.40 03-05    00    (     0.318003,     -171.668139)  30000.00 0.00585
2009:095:10:20:00.00   -2262530.49    8359685.62   -1019348.28 03-08    00    (     0.091782,       47.048286)  30000.00 0.07608
2009:095:10:20:00.00   -2325133.61    3096645.93   -1581379.60 04-05    00    (     0.452295,      125.065148)  30000.00 0.00342
2009:095:10:20:00.00   -1176286.29    7801049.21     781574.52 04-08    00    (     0.144250,       34.256988)  30000.00 0.04881
2009:095:10:20:00.00    1148847.33    4704403.29    2362954.12 05-08    00    (     0.180670,     -169.034868)  30000.00 0.00621
2009:095:10:40:00.00     416077.80     -57011.87     552898.31 02-03    00    (     2.358764,      -12.262896)  30000.00 0.03882
2009:095:10:40:00.00    -779980.87     550078.96   -1160638.51 02-04    00    (     2.144745,       23.871188)  30000.00 0.02880
2009:095:10:40:00.00   -3085848.75    3745043.33   -2564703.95 02-05    00    (     0.306819,     -179.035571)  30000.00 0.00690
2009:095:10:40:00.00   -1561423.80    8392691.73    -304105.45 02-08    00    (     0.057219,      112.573642)  30000.00 0.09326
2009:095:10:40:00.00   -1196058.68     607090.82   -1713536.82 03-04    00    (     1.945173,       38.854838)  30000.00 0.02354
2009:095:10:40:00.00   -3501926.55    3802055.19   -3117602.26 03-05    00    (     0.296039,     -158.923811)  30000.00 0.00600
2009:095:10:40:00.00   -1977501.60    8449703.59    -857003.76 03-08    00    (     0.166323,       10.372785)  30000.00 0.07586
2009:095:10:40:00.00   -2305867.88    3194964.37   -1404065.44 04-05    00    (     0.418600,      128.128267)  30000.00 0.00342
2009:095:10:40:00.00    -781442.93    7842612.77     856533.06 04-08    00    (     0.192310,       45.762114)  30000.00 0.04954
2009:095:10:40:00.00    1524424.95    4647648.40    2260598.50 05-08    00    (     0.194328,     -173.182615)  30000.00 0.00655
2009:095:11:00:00.00     454327.99     -75491.01     519571.77 02-03    00    (     2.395119,      -11.535259)  30000.00 0.03887
2009:095:11:00:00.00    -842392.55     584522.74   -1098520.24 02-04    00    (     2.121469,       27.403737)  30000.00 0.02890
2009:095:11:00:00.00   -3111349.48    3876612.90   -2327422.44 02-05    00    (     0.301529,     -174.225158)  30000.00 0.00698
2009:095:11:00:00.00   -1223012.28    8451806.68    -197493.53 02-08    00    (     0.222073,       77.507244)  30000.00 0.09407
2009:095:11:00:00.00   -1296720.54     660013.75   -1618092.01 03-04    00    (     1.881000,       42.240764)  30000.00 0.02375
2009:095:11:00:00.00   -3565677.46    3952103.91   -2846994.21 03-05    00    (     0.275762,     -152.466409)  30000.00 0.00613
2009:095:11:00:00.00   -1677340.26    8527297.69    -717065.30 03-08    00    (     0.047063,       53.960582)  30000.00 0.07600
2009:095:11:00:00.00   -2268956.93    3292090.16   -1228902.20 04-05    00    (     0.389382,      130.473700)  30000.00 0.00342
2009:095:11:00:00.00    -380619.73    7867283.93     901026.71 04-08    00    (     0.140346,       14.753969)  30000.00 0.05079
2009:095:11:00:00.00    1888337.20    4575193.78    2129928.91 05-08    00    (     0.194174,     -176.331071)  30000.00 0.00696
2009:095:11:20:00.00   -3016048.45   -1617896.79    -902912.04 01-02    00    (     0.924491,      114.315353)  30000.00 0.03998
2009:095:11:20:00.00   -2526946.94   -1713417.28    -419462.79 01-03    00    (     1.034990,       93.531094)  30000.00 0.02846
2009:095:11:20:00.00   -3914406.42    -996417.06   -1934781.54 01-04    00    (     0.896529,      148.862517)  30000.00 0.02869
2009:095:11:20:00.00   -6129089.64    2390862.98   -2992011.83 01-05    00    (     0.298192,      -88.946180)  30000.00 0.00955
2009:095:11:20:00.00   -3891290.34    6878456.85   -1020066.54 01-08    00    (     0.146706,       18.162085)  30000.00 0.05239
2009:095:11:20:00.00     489101.51     -95520.48     483449.26 02-03    00    (     2.345792,      -15.091078)  30000.00 0.03891
2009:095:11:20:00.00    -898357.98     621479.73   -1031869.50 02-04    00    (     2.047753,       28.374626)  30000.00 0.02900
2009:095:11:20:00.00   -3113041.19    4008759.78   -2089099.79 02-05    00    (     0.255755,     -167.632236)  30000.00 0.00703
2009:095:11:20:00.00    -875241.89    8496353.65    -117154.50 02-08    00    (     0.193572,       -0.453307)  30000.00 0.09558
2009:095:11:20:00.00   -1387459.49     717000.22   -1515318.75 03-04    00    (     1.872530,       45.394133)  30000.00 0.02396
2009:095:11:20:00.00   -3602142.70    4104280.26   -2572549.05 03-05    00    (     0.248741,     -142.333474)  30000.00 0.00623
2009:095:11:20:00.00   -1364343.40    8591874.13    -600603.76 03-08    00    (     0.166580,       57.461802)  30000.00 0.07655
2009:095:11:20:00.00   -2214683.22    3387280.04   -1057230.30 04-05    00    (     0.364040,      133.852371)  30000.00 0.00341
2009:095:11:20:00.00      23116.08    7874873.91     914714.99 04-08    00    (     0.054783,      -32.944347)  30000.00 0.05260
2009:095:11:20:00.00    2237799.30    4487593.87    1971945.29 05-08    00    (     0.226076,      178.842129)  30000.00 0.00742
2009:095:11:40:00.00   -3142084.70   -1487156.59    -667126.28 01-02    00    (     0.868884,      120.917578)  30000.00 0.04092
2009:095:11:40:00.00   -2621952.42   -1604103.60    -222319.09 01-03    00    (     0.996733,       96.221821)  30000.00 0.02884
2009:095:11:40:00.00   -4089533.59    -826489.47   -1628322.58 01-04    00    (     0.781414,      152.989813)  30000.00 0.03001
2009:095:11:40:00.00   -6232995.66    2653316.15   -2518685.97 01-05    00    (     0.275679,      -83.989300)  30000.00 0.00996
2009:095:11:40:00.00   -3662858.58    7038835.16    -730829.42 01-08    00    (     0.185059,       26.730152)  30000.00 0.05084
2009:095:11:40:00.00     520132.28    -116947.01     444807.20 02-03    00    (     2.316761,      -14.790772)  30000.00 0.03896
2009:095:11:40:00.00    -947448.89     660667.12    -961196.30 02-04    00    (     2.020466,       30.849195)  30000.00 0.02910
2009:095:11:40:00.00   -3090910.96    4140472.74   -1851559.69 02-05    00    (     0.264342,     -162.157136)  30000.00 0.00705
2009:095:11:40:00.00    -520773.88    8525991.75     -63703.13 02-08    00    (     0.149613,       43.714304)  30000.00 0.09784
2009:095:11:40:00.00   -1467581.17     777614.14   -1406003.49 03-04    00    (     1.771259,       47.957015)  30000.00 0.02415
2009:095:11:40:00.00   -3611043.24    4257419.75   -2296366.89 03-05    00    (     0.218421,     -129.993294)  30000.00 0.00629
2009:095:11:40:00.00   -1040906.16    8642938.76    -508510.33 03-08    00    (     0.217872,      -34.523925)  30000.00 0.07757
2009:095:11:40:00.00   -2143462.07    3479805.62    -890363.39 04-05    00    (     0.340502,      135.947081)  30000.00 0.00340
2009:095:11:40:00.00     426675.01    7865324.63     897493.16 04-08    00    (     0.222862,       41.870850)  30000.00 0.05500
2009:095:11:40:00.00    2570137.08    4385519.01    1787856.56 05-08    00    (     0.227927,      177.964214)  30000.00 0.00794
2009:095:12:00:00.00   -3244076.74   -1351575.24    -422609.66 01-02    00    (     0.950009,      115.306384)  30000.00 0.04165
2009:095:12:00:00.00   -2696893.90   -1491181.87     -18668.37 01-03    00    (     1.008566,      102.750752)  30000.00 0.02911
2009:095:12:00:00.00   -4233366.37    -649790.20   -1309651.12 01-04    00    (     0.914150,      158.318649)  30000.00 0.03111
2009:095:12:00:00.00   -6289204.86    2919168.64   -2039229.54 01-05    00    (     0.227930,      -69.705699)  30000.00 0.01018
2009:095:12:00:00.00   -3406397.48    7188918.95    -460158.12 01-08    00    (     0.216773,       20.063616)  30000.00 0.04931
2009:095:12:00:00.00     547182.84    -139606.64     403941.29 02-03    00    (     2.335236,      -15.075852)  30000.00 0.03900
2009:095:12:00:00.00    -989289.63     701785.04    -887041.46 02-04    00    (     2.029740,       30.844117)  30000.00 0.02919
2009:095:12:00:00.00   -3045128.12    4270743.87   -1616619.88 02-05    00    (     0.238847,     -160.103504)  30000.00 0.00705
2009:095:12:00:00.00    -162320.75    8540494.18     -37548.46 02-08    00    (     0.214261,       58.948822)  30000.00 0.10091
2009:095:12:00:00.00   -1536472.47     841391.68   -1290982.74 03-04    00    (     1.716351,       52.831852)  30000.00 0.02433
2009:095:12:00:00.00   -3592310.96    4410350.51   -2020561.17 03-05    00    (     0.209744,     -126.375128)  30000.00 0.00632
2009:095:12:00:00.00    -709503.58    8680100.82    -441489.74 03-08    00    (     0.094904,       -0.930113)  30000.00 0.07912
2009:095:12:00:00.00   -2055838.49    3568958.84    -729578.42 04-05    00    (     0.316505,      135.193532)  30000.00 0.00338
2009:095:12:00:00.00     826968.89    7838709.15     849493.00 04-08    00    (     0.017192,      113.301110)  30000.00 0.05802
2009:095:12:00:00.00    2882807.38    4269750.31    1579071.42 05-08    00    (     0.251457,      174.918438)  30000.00 0.00850
2009:095:12:20:00.00   -3321244.11   -1212190.24    -171233.29 01-02    00    (     0.964115,      125.740756)  30000.00 0.04212
2009:095:12:20:00.00   -2751197.93   -1375516.20     189930.96 01-03    00    (     1.073360,      102.232900)  30000.00 0.02926
2009:095:12:20:00.00   -4344804.14    -467671.41    -981205.73 01-04    00    (     0.870630,      162.979221)  30000.00 0.03194
2009:095:12:20:00.00   -6297287.13    3186386.07   -1557311.48 01-05    00    (     0.234066,      -58.961968)  30000.00 0.01020
2009:095:12:20:00.00   -3123869.59    7327559.74    -210123.90 01-08    00    (     0.180708,       -8.636608)  30000.00 0.04787
2009:095:12:20:00.00     570046.18    -163325.96     361164.25 02-03    00    (     2.302607,      -17.521902)  30000.00 0.03903
2009:095:12:20:00.00   -1023560.03     744518.83    -809972.44 02-04    00    (     1.959719,       34.541237)  30000.00 0.02926
2009:095:12:20:00.00   -2976043.03    4398576.30   -1386078.19 02-05    00    (     0.222353,     -152.000456)  30000.00 0.00701
2009:095:12:20:00.00     197374.52    8539749.98     -38890.61 02-08    00    (     0.047376,       55.492476)  30000.00 0.10485
2009:095:12:20:00.00   -1593606.21     907844.79   -1171136.69 03-04    00    (     1.665264,       52.929465)  30000.00 0.02449
2009:095:12:20:00.00   -3546089.21    4561902.27   -1747242.44 03-05    00    (     0.203250,     -118.288709)  30000.00 0.00631
2009:095:12:20:00.00    -372671.66    8703075.94    -400054.86 03-08    00    (     0.187389,       58.071520)  30000.00 0.08122
2009:095:12:20:00.00   -1952483.00    3654057.48    -576105.75 04-05    00    (     0.288397,      136.890485)  30000.00 0.00336
2009:095:12:20:00.00    1220934.55    7795231.15     771081.82 04-08    00    (     0.174670,       20.741686)  30000.00 0.06169
2009:095:12:20:00.00    3173417.55    4141173.67    1347187.58 05-08    00    (     0.269272,      171.540376)  30000.00 0.00909
2009:095:12:40:00.00   -3372996.29   -1070068.21      85079.22 01-02    00    (     0.934414,      125.227212)  30000.00 0.04232
2009:095:12:40:00.00   -2784448.94   -1257991.69     401882.65 01-03    00    (     1.106342,      100.225170)  30000.00 0.02926
2009:095:12:40:00.00   -4422994.12    -281526.73    -645499.77 01-04    00    (     0.860185,      166.924941)  30000.00 0.03244
2009:095:12:40:00.00   -6257180.62    3452923.61   -1076619.58 01-05    00    (     0.215472,      -49.827158)  30000.00 0.01001
2009:095:12:40:00.00   -2817436.88    7453696.60      17359.89 01-08    00    (     0.220278,       17.027869)  30000.00 0.04661
2009:095:12:40:00.00     588547.36    -187923.47     316803.43 02-03    00    (     2.300350,      -18.357004)  30000.00 0.03906
2009:095:12:40:00.00   -1049997.83     788541.48    -730578.99 02-04    00    (     1.955632,       36.369398)  30000.00 0.02932
2009:095:12:40:00.00   -2884184.33    4522991.82   -1161698.80 02-05    00    (     0.211762,     -150.189644)  30000.00 0.00696
2009:095:12:40:00.00     555559.41    8523764.82     -67719.33 02-08    00    (     0.028467,      157.866000)  30000.00 0.10969
2009:095:12:40:00.00   -1638545.18     976464.96   -1047382.42 03-04    00    (     1.582457,       55.582916)  30000.00 0.02462
2009:095:12:40:00.00   -3472731.69    4710915.29   -1478502.23 03-05    00    (     0.192118,     -114.823498)  30000.00 0.00627
2009:095:12:40:00.00     -32987.94    8711688.29    -384522.76 03-08    00    (     0.224180,        6.234557)  30000.00 0.08394
2009:095:12:40:00.00   -1834186.50    3734450.34    -431119.81 04-05    00    (     0.266298,      135.549448)  30000.00 0.00333
2009:095:12:40:00.00    1605557.24    7735223.33     662859.66 04-08    00    (     0.062799,      -65.144661)  30000.00 0.06602
2009:095:12:40:00.00    3439743.74    4000773.00    1093979.47 05-08    00    (     0.260594,      165.459030)  30000.00 0.00969
2009:095:13:00:00.00   -3398937.26    -926296.73     344366.48 01-02    00    (     0.982082,      124.585918)  30000.00 0.04223
2009:095:13:00:00.00   -2796392.48   -1139507.68     615564.76 01-03    00    (     1.050327,      104.124827)  30000.00 0.02913
2009:095:13:00:00.00   -4467337.98     -92780.60    -305102.19 01-04    00    (     0.870181,      171.776101)  30000.00 0.03258
2009:095:13:00:00.00   -6169192.23    3716741.62    -600832.26 01-05    00    (     0.232728,      -50.745897)  30000.00 0.00964
2009:095:13:00:00.00   -2489444.28    7566364.30     220552.47 01-08    00    (     0.096764,       -3.543498)  30000.00 0.04559
2009:095:13:00:00.00     602544.78    -213210.95     271198.28 02-03    00    (     2.316650,      -17.513539)  30000.00 0.03908
2009:095:13:00:00.00   -1068400.71     833516.13    -649468.66 02-04    00    (     1.872528,       35.965271)  30000.00 0.02937
2009:095:13:00:00.00   -2770254.97    4643038.35    -945198.74 02-05    00    (     0.204050,     -150.004227)  30000.00 0.00689
2009:095:13:00:00.00     909492.98    8492661.03    -123814.01 02-08    00    (     0.168416,       49.367725)  30000.00 0.11545
2009:095:13:00:00.00   -1670945.50    1046727.07    -920666.95 03-04    00    (     1.564683,       54.281046)  30000.00 0.02472
2009:095:13:00:00.00   -3372799.75    4856249.30   -1216397.02 03-05    00    (     0.182010,     -110.257562)  30000.00 0.00620
2009:095:13:00:00.00     306948.20    8705871.98    -395012.29 03-08    00    (     0.152824,       36.602238)  30000.00 0.08728
2009:095:13:00:00.00   -1701854.25    3809522.22    -295730.07 04-05    00    (     0.247412,      138.192595)  30000.00 0.00331
2009:095:13:00:00.00    1977893.70    7659144.91     525654.65 04-08    00    (     0.106419,      -16.983147)  30000.00 0.07099
2009:095:13:00:00.00    3679747.95    3849622.68     821384.73 05-08    00    (     0.293512,      162.429760)  30000.00 0.01027
2009:095:13:20:00.00   -3398868.52    -781975.96     604644.35 01-02    00    (     1.034834,      126.364919)  30000.00 0.04186
2009:095:13:20:00.00   -2786937.17   -1020970.84     829342.15 01-03    00    (     1.154047,       99.914199)  30000.00 0.02886
2009:095:13:20:00.00   -4477496.40      97122.64      37382.22 01-04    00    (     0.829958,      167.890667)  30000.00 0.03236
2009:095:13:20:00.00   -6033995.28    3975821.30    -133590.36 01-05    00    (     0.226119,      -45.565853)  30000.00 0.00913
2009:095:13:20:00.00   -2142401.68    7664700.68     397898.96 01-08    00    (     0.062115,      -29.818932)  30000.00 0.04487
2009:095:13:20:00.00     611931.36    -238994.87     224697.80 02-03    00    (     2.310052,      -17.358256)  30000.00 0.03909
2009:095:13:20:00.00   -1078627.87     879098.60    -567262.13 02-04    00    (     1.861312,       36.255244)  30000.00 0.02940
2009:095:13:20:00.00   -2635126.76    4757797.27    -738234.71 02-05    00    (     0.189299,     -146.614596)  30000.00 0.00680
2009:095:13:20:00.00    1256466.84    8446676.64    -206745.39 02-08    00    (     0.304760,       11.042928)  30000.00 0.12213
2009:095:13:20:00.00   -1690559.23    1118093.48    -791959.93 03-04    00    (     1.507207,       58.401423)  30000.00 0.02478
2009:095:13:20:00.00   -3247058.11    4996792.14    -962932.51 03-05    00    (     0.180542,     -105.496835)  30000.00 0.00611
2009:095:13:20:00.00     644535.49    8685671.51    -431443.19 03-08    00    (     0.182070,       -8.226709)  30000.00 0.09127
2009:095:13:20:00.00   -1556498.88    3878698.67    -170972.58 04-05    00    (     0.221736,      136.169337)  30000.00 0.00328
2009:095:13:20:00.00    2335094.72    7567578.04     360516.74 04-08    00    (     0.120905,       88.578581)  30000.00 0.07656
2009:095:13:20:00.00    3891593.60    3688879.37     531489.32 05-08    00    (     0.295088,      160.288692)  30000.00 0.01081
2009:095:13:40:00.00   -3372790.59    -638210.30     863921.11 01-02    00    (     1.071497,      124.205239)  30000.00 0.04121
2009:095:13:40:00.00   -2756155.35    -903288.25    1041578.91 01-03    00    (     1.207302,       99.104228)  30000.00 0.02847
2009:095:13:40:00.00   -4453391.63     286729.79     379332.64 01-04    00    (     0.895469,      167.540987)  30000.00 0.03178
2009:095:13:40:00.00   -5852624.33    4228180.10     321530.63 01-05    00    (     0.224082,      -42.964094)  30000.00 0.00851
2009:095:13:40:00.00   -1778964.76    7747953.22     548042.25 01-08    00    (     0.145554,       17.874583)  30000.00 0.04449
2009:095:13:40:00.00     616635.24    -265077.95     177657.81 02-03    00    (     2.259654,      -17.967055)  30000.00 0.03910
2009:095:13:40:00.00   -1080601.04     924940.10    -484588.47 02-04    00    (     1.802493,       35.933446)  30000.00 0.02941
2009:095:13:40:00.00   -2479833.74    4866390.40    -542390.48 02-05    00    (     0.177430,     -140.768871)  30000.00 0.00671
2009:095:13:40:00.00    1593825.83    8386163.52    -315878.86 02-08    00    (     0.253685,       -8.220548)  30000.00 0.12969
2009:095:13:40:00.00   -1697236.28    1190018.04    -662246.28 03-04    00    (     1.456527,       59.987939)  30000.00 0.02481
2009:095:13:40:00.00   -3096468.98    5131468.35    -720048.29 03-05    00    (     0.168747,     -103.402236)  30000.00 0.00600
2009:095:13:40:00.00     977190.59    8651241.47    -493536.67 03-08    00    (     0.214908,      -54.989108)  30000.00 0.09591
2009:095:13:40:00.00   -1399232.71    3941450.31     -57802.01 04-05    00    (     0.206943,      136.935239)  30000.00 0.00326
2009:095:13:40:00.00    2674426.87    7461223.42     168709.61 04-08    00    (     0.205655,       53.871004)  30000.00 0.08265
2009:095:13:40:00.00    4073659.58    3519773.12     226511.62 05-08    00    (     0.319867,      160.546278)  30000.00 0.01128
2009:095:14:00:00.00   -3320903.02    -496099.89    1120212.68 01-02    00    (     1.089738,      118.907659)  30000.00 0.04033
2009:095:14:00:00.00   -2704282.58    -787360.46    1250650.96 01-03    00    (     1.283573,       96.499895)  30000.00 0.02797
2009:095:14:00:00.00   -4395208.13     474589.93     718132.36 01-04    00    (     0.818181,      168.910370)  30000.00 0.03089
2009:095:14:00:00.00   -5626467.30    4471886.87     761047.97 01-05    00    (     0.233401,      -44.901008)  30000.00 0.00783
2009:095:14:00:00.00   -1401914.65    7815484.86     669833.39 01-08    00    (     0.165559,       17.614406)  30000.00 0.04448
2009:095:14:00:00.00     616620.44    -291260.57     130438.28 02-03    00    (     2.272962,      -19.303557)  30000.00 0.03910
2009:095:14:00:00.00   -1074305.11     970689.82    -402080.32 02-04    00    (     1.777023,       37.428322)  30000.00 0.02941
2009:095:14:00:00.00   -2305564.27    4967986.76    -359164.71 02-05    00    (     0.159615,     -140.662382)  30000.00 0.00662
2009:095:14:00:00.00    1918988.38    8311584.74    -450379.29 02-08    00    (     0.136928,       61.358217)  30000.00 0.13804
2009:095:14:00:00.00   -1690925.55    1261950.39    -532518.60 03-04    00    (     1.430734,       58.795796)  30000.00 0.02481
2009:095:14:00:00.00   -2922184.71    5259247.33    -489602.99 03-05    00    (     0.165417,     -102.568004)  30000.00 0.00588
2009:095:14:00:00.00    1302367.94    8602845.32    -580817.57 03-08    00    (     0.098917,       10.026883)  30000.00 0.10118
2009:095:14:00:00.00   -1231259.17    3997296.94      42915.61 04-05    00    (     0.184730,      140.787297)  30000.00 0.00325
2009:095:14:00:00.00    2993293.48    7340894.93     -48298.97 04-08    00    (     0.255783,       43.164326)  30000.00 0.08912
2009:095:14:00:00.00    4224552.65    3343597.98     -91214.58 05-08    00    (     0.342920,      161.450209)  30000.00 0.01165
2009:095:14:20:00.00   -3243602.88    -356732.20    1371557.84 01-02    00    (     1.081206,      119.057808)  30000.00 0.03924
2009:095:14:20:00.00   -2631715.82    -674074.59    1454958.40 01-03    00    (     1.290643,       93.438005)  30000.00 0.02737
2009:095:14:20:00.00   -4303391.15     659265.47    1051188.78 01-04    00    (     0.886018,      163.002387)  30000.00 0.02973
2009:095:14:20:00.00   -5357254.81    4705076.70    1181598.34 01-05    00    (     0.227175,      -43.394516)  30000.00 0.00715
2009:095:14:20:00.00   -1014136.67    7866778.81     762340.40 01-08    00    (     0.140038,       -0.656411)  30000.00 0.04490
2009:095:14:20:00.00     611887.07    -317342.39      83400.56 02-03    00    (     2.289288,      -17.875580)  30000.00 0.03909
2009:095:14:20:00.00   -1059788.27    1015997.67    -320369.06 02-04    00    (     1.753272,       36.225587)  30000.00 0.02939
2009:095:14:20:00.00   -2113651.92    5061808.90    -189959.50 02-05    00    (     0.167803,     -142.092652)  30000.00 0.00653
2009:095:14:20:00.00    2229466.22    8223511.01    -609217.44 02-08    00    (     0.229764,       71.325882)  30000.00 0.14706
2009:095:14:20:00.00   -1671675.34    1333340.06    -403769.62 03-04    00    (     1.378985,       61.069121)  30000.00 0.02477
2009:095:14:20:00.00   -2725538.99    5379151.29    -273360.06 03-05    00    (     0.165530,     -106.061280)  30000.00 0.00577
2009:095:14:20:00.00    1617579.15    8540853.40    -692618.00 03-08    00    (     0.189809,        7.322274)  30000.00 0.10702
2009:095:14:20:00.00   -1053863.66    4045811.23     130409.56 04-05    00    (     0.166057,      142.618210)  30000.00 0.00324
2009:095:14:20:00.00    3289254.48    7207513.34    -288848.38 04-08    00    (     0.210143,       38.936874)  30000.00 0.09578
2009:095:14:20:00.00    4343118.14    3161702.11    -419257.94 05-08    00    (     0.376065,      162.815247)  30000.00 0.01191
2009:095:14:40:00.00   -3141481.69    -221173.70    1616033.23 01-02    00    (     1.239685,      112.258424)  30000.00 0.03800
2009:095:14:40:00.00   -2539010.34    -564297.52    1652937.81 01-03    00    (     1.340189,       89.131855)  30000.00 0.02671
2009:095:14:40:00.00   -4178643.29     839343.24    1375953.26 01-04    00    (     0.820089,      158.252258)  30000.00 0.02838
2009:095:14:40:00.00   -5047046.94    4925965.15    1579963.58 01-05    00    (     0.208870,      -41.230063)  30000.00 0.00648
2009:095:14:40:00.00    -618598.19    7901442.58     824855.39 01-08    00    (     0.119943,       17.749591)  30000.00 0.04576
2009:095:14:40:00.00     602471.35    -343123.82      36904.58 02-03    00    (     2.247488,      -18.045420)  30000.00 0.03908
2009:095:14:40:00.00   -1037161.60    1060516.95    -240079.97 02-04    00    (     1.733242,       34.300322)  30000.00 0.02936
2009:095:14:40:00.00   -1905565.25    5147138.86     -36069.65 02-05    00    (     0.162659,     -143.809368)  30000.00 0.00646
2009:095:14:40:00.00    2522883.50    8122616.28    -791177.84 02-08    00    (     0.205593,       54.746782)  30000.00 0.15653
2009:095:14:40:00.00   -1639632.95    1403640.77    -276984.55 03-04    00    (     1.387547,       58.643507)  30000.00 0.02470
2009:095:14:40:00.00   -2508036.60    5490262.68     -72974.23 03-05    00    (     0.146316,     -103.395756)  30000.00 0.00565
2009:095:14:40:00.00    1920412.15    8465740.10    -828082.42 03-08    00    (     0.329529,      -46.552369)  30000.00 0.11336
2009:095:14:40:00.00    -868403.65    4086621.91     204010.32 04-05    00    (     0.145000,      144.123356)  30000.00 0.00323
2009:095:14:40:00.00    3560045.10    7062099.34    -551097.88 04-08    00    (     0.111872,      -47.285153)  30000.00 0.10238
2009:095:14:40:00.00    4428448.75    2975477.43    -755108.19 05-08    00    (     0.394208,      165.440527)  30000.00 0.01202
2009:095:15:00:00.00   -3015320.91     -90461.75    1851768.05 01-02    00    (     1.271072,      103.716900)  30000.00 0.03665
2009:095:15:00:00.00   -2426875.58    -458869.32    1843074.20 01-03    00    (     1.416140,       84.535728)  30000.00 0.02600
2009:095:15:00:00.00   -4021919.16    1013445.23    1689940.60 01-04    00    (     0.864310,      154.731252)  30000.00 0.02689
2009:095:15:00:00.00    -218326.01    7919210.89     856899.97 01-08    00    (     0.158881,       72.169240)  30000.00 0.04712
2009:095:15:00:00.00     588445.34    -368407.57      -8693.85 02-03    00    (     2.284055,      -18.019319)  30000.00 0.03905
2009:095:15:00:00.00   -1006598.25    1103906.98    -161827.44 02-04    00    (     1.784130,       35.482275)  30000.00 0.02932
2009:095:15:00:00.00    2796994.91    8009672.64    -994868.08 02-08    00    (     0.167728,      -36.817104)  30000.00 0.16620
2009:095:15:00:00.00   -1595043.58    1472314.55    -153133.60 03-04    00    (     1.326097,       56.257731)  30000.00 0.02460
2009:095:15:00:00.00    2208549.57    8378080.21    -986174.23 03-08    00    (     0.075131,      -15.676233)  30000.00 0.12007
2009:095:15:00:00.00    3803593.15    6905765.67    -833040.63 04-08    00    (     0.186483,       77.833763)  30000.00 0.10863
2009:095:15:20:00.00     183616.87    7919947.79     858228.93 01-08    00    (     0.100402,        8.198156)  30000.00 0.04899
2009:095:15:40:00.00     584154.66    7903647.62     828832.10 01-08    00    (     0.138428,        2.393368)  30000.00 0.05140
2009:095:16:00:00.00     980222.31    7870435.12     768934.44 01-08    00    (     0.185224,       11.112283)  30000.00 0.05439
2009:095:16:20:00.00    1368789.00    7820564.46     678994.29 01-08    00    (     0.199664,       37.339520)  30000.00 0.05798
2009:095:16:40:00.00    1746881.30    7754417.24     559699.90 01-08    00    (     0.195746,        5.853009)  30000.00 0.06215
2009:095:17:00:00.00    2111605.92    7672499.65     411964.17 01-08    00    (     0.126215,       14.934977)  30000.00 0.06689
2009:095:17:20:00.00    2460171.87    7575438.56     236917.60 01-08    00    (     0.163511,       -6.925879)  30000.00 0.07214
2009:095:17:40:00.00    2789911.84    7463976.70      35899.70 01-08    00    (     0.183118,       43.348395)  30000.00 0.07781
2009:095:18:00:00.00    3098302.54    7338967.00    -189551.27 01-08    00    (     0.199122,      -50.347450)  30000.00 0.08375
2009:095:18:20:00.00    3382984.07    7201366.09    -437710.09 01-08    00    (     0.180177,      -60.838936)  30000.00 0.08978
2009:095:18:40:00.00    3641777.97    7052226.93    -706677.78 01-08    00    (     0.073564,       82.184866)  30000.00 0.09564
2009:095:19:00:00.00    3872703.85    6892690.78    -994396.11 01-08    00    (     0.105374,       -9.568828)  30000.00 0.10105
