2009:095:02:20:00.00   -1836605.33    8671798.17   -1429464.08 07-08    00    (     0.092180,      -19.875175)   3750.00 0.03618
2009:095:02:40:00.00    -729044.75    -403258.70     274934.78 06-07    00    (     2.139059,       -1.579970)  12931.00 0.00903
2009:095:02:40:00.00   -2300368.96    8340891.50   -1024044.75 06-08    00    (     0.091994,      -49.373622)   2068.97 0.04729
2009:095:02:40:00.00   -1571324.21    8744150.19   -1298979.53 07-08    00    (     0.127237,      -23.334048)   3750.00 0.03640
2009:095:03:00:00.00    -722331.91    -372445.25     330505.83 06-07    00    (     2.158937,       -2.662951)  12931.00 0.00902
2009:095:03:00:00.00   -2016350.74    8432537.58    -858763.97 06-08    00    (     0.145202,       -4.884613)   2068.97 0.04713
2009:095:03:00:00.00   -1294018.83    8804982.84   -1189269.80 07-08    00    (     0.116800,      -18.270296)   3750.00 0.03676
2009:095:03:20:00.00    -710091.56    -342034.20     385351.20 06-07    00    (     2.182121,       -3.173075)  12931.00 0.00901
2009:095:03:20:00.00   -1716902.78    8511796.40    -715823.25 06-08    00    (     0.079342,      -46.670164)   2068.97 0.04718
2009:095:03:20:00.00   -1006811.22    8853830.59   -1101174.44 07-08    00    (     0.130005,      -13.213526)   3750.00 0.03731
2009:095:03:40:00.00    -692417.37    -312258.24     439051.18 06-07    00    (     2.185765,       -3.747996)  12931.00 0.00899
2009:095:03:40:00.00   -1404316.55    8578061.42    -596316.40 06-08    00    (     0.058071,        4.585903)   2068.97 0.04748
2009:095:03:40:00.00    -711899.18    8890319.66   -1035367.58 07-08    00    (     0.080893,       -1.361014)   3750.00 0.03804
2009:095:04:00:00.00   -3353860.25   -5673338.93    -286396.05 05-06    00    (     0.230747,     -107.275144) 188088.00 0.00655
2009:095:04:00:00.00   -4023304.84   -5956684.17     204798.80 05-07    00    (     0.200680,      -85.806745) 340909.00 0.00652
2009:095:04:00:00.00   -4434844.32    2957486.65    -787553.99 05-08    00    (     0.407162,      151.041140)  54545.40 0.00870
2009:095:04:00:00.00    -669444.59    -283345.24     491194.84 06-07    00    (     2.216787,       -3.985282)  12931.00 0.00898
2009:095:04:00:00.00   -1080984.07    8630825.58    -501157.94 06-08    00    (     0.077418,       12.321611)   2068.97 0.04808
2009:095:04:00:00.00    -411539.48    8914170.82    -992352.78 07-08    00    (     0.078087,       10.333770)   3750.00 0.03898
2009:095:04:20:00.00   -3603351.98   -5525633.88     -20014.74 05-06    00    (     0.214133,     -109.567756) 188088.00 0.00695
2009:095:04:20:00.00   -4244700.99   -5781150.33     521368.44 05-07    00    (     0.180552,      -90.498592) 340909.00 0.00689
2009:095:04:20:00.00   -4352731.53    3144051.21    -451090.78 05-08    00    (     0.423176,      148.656970)  54545.40 0.00851
2009:095:04:20:00.00    -641349.01    -255516.45     541383.18 06-07    00    (     2.253038,       -4.365501)  12931.00 0.00896
2009:095:04:20:00.00    -749379.55    8669685.10    -431076.04 06-08    00    (     0.126456,       28.569069)   2068.97 0.04900
2009:095:04:20:00.00    -108030.54    8925201.55    -972459.22 07-08    00    (     0.145572,       11.925383)   3750.00 0.04015
2009:095:04:40:00.00   -3825269.74   -5367920.58     264416.14 05-06    00    (     0.217474,     -113.300543) 188088.00 0.00733
2009:095:04:40:00.00   -4433615.37   -5596905.40     853648.27 05-07    00    (     0.167385,      -94.043974) 340909.00 0.00719
2009:095:04:40:00.00   -4237310.29    3326422.04    -122190.85 05-08    00    (     0.418921,      148.880339)  54545.40 0.00825
2009:095:04:40:00.00    -608345.63    -228984.82     589232.13 06-07    00    (     2.270901,       -4.168033)  12931.00 0.00894
2009:095:04:40:00.00    -412040.55    8694342.62    -386606.99 06-08    00    (     0.085317,      -10.369609)   2068.97 0.05026
2009:095:04:40:00.00     196305.08    8923327.43    -975839.12 07-08    00    (     0.127090,       -2.715598)   3750.00 0.04155
2009:095:05:00:00.00   -4017915.36   -5201405.90     564720.03 05-06    00    (     0.214388,     -120.430401) 188088.00 0.00766
2009:095:05:00:00.00   -4588602.37   -5405359.27    1199095.57 05-07    00    (     0.160820,      -94.913311) 340909.00 0.00742
2009:095:05:00:00.00   -4089463.85    3503203.56     196628.95 05-08    00    (     0.407111,      149.662290)  54545.40 0.00795
2009:095:05:00:00.00    -570687.00    -203953.37     634375.54 06-07    00    (     2.288119,       -3.975545)  12931.00 0.00892
2009:095:05:00:00.00     -71548.49    8704609.45    -368091.09 06-08    00    (     0.069132,      -47.717088)   2068.97 0.05191
2009:095:05:00:00.00     499138.52    8908562.82   -1002466.62 07-08    00    (     0.105306,       20.451451)   3750.00 0.04318
2009:095:05:20:00.00   -4179814.65   -5027364.05     878598.91 05-06    00    (     0.205332,     -124.028983) 188088.00 0.00791
2009:095:05:20:00.00   -4708475.96   -5207977.72    1555066.86 05-07    00    (     0.154554,     -100.352629) 340909.00 0.00754
2009:095:05:20:00.00   -3910323.57    3673042.98     502928.90 05-08    00    (     0.415959,      150.342348)  54545.40 0.00762
2009:095:05:20:00.00    -528661.31    -180613.67     676467.95 06-07    00    (     2.311255,       -4.235520)  12931.00 0.00890
2009:095:05:20:00.00     269491.08    8700407.03    -375670.01 06-08    00    (     0.126840,      -15.582349)   2068.97 0.05394
2009:095:05:20:00.00     798152.38    8881020.70   -1052137.96 07-08    00    (     0.139957,       11.711928)   3750.00 0.04504
2009:095:05:40:00.00   -4309728.71   -4847126.86    1203650.90 05-06    00    (     0.220611,     -126.122867) 188088.00 0.00808
2009:095:05:40:00.00   -4792318.84   -5006271.16    1918838.16 05-07    00    (     0.155081,     -108.857406) 340909.00 0.00755
2009:095:05:40:00.00   -3701260.29    3834640.66     794365.12 05-08    00    (     0.452519,      153.931452)  54545.40 0.00727
2009:095:05:40:00.00    -482590.13    -159144.30     715187.26 06-07    00    (     2.359773,       -3.914907)  12931.00 0.00889
2009:095:05:40:00.00     608468.42    8681767.52    -409285.78 06-08    00    (     0.232356,       -1.784990)   2068.97 0.05638
2009:095:05:40:00.00    1091058.55    8840911.82   -1124473.04 07-08    00    (     0.198242,       22.100561)   3750.00 0.04712
2009:095:06:00:00.00   -4406663.40   -4662073.56    1537388.59 05-06    00    (     0.194837,     -136.711183) 188088.00 0.00816
2009:095:06:00:00.00   -4839489.42   -4801783.13    2287625.77 05-07    00    (     0.149305,     -118.234505) 340909.00 0.00744
2009:095:06:00:00.00   -3463873.82    3986759.99    1068707.45 05-08    00    (     0.464671,      156.154712)  54545.40 0.00693
2009:095:06:00:00.00    -432826.02    -139709.56     750237.18 06-07    00    (     2.361438,       -3.505870)  12931.00 0.00887
2009:095:06:00:00.00     942789.58    8648833.55    -468681.14 06-08    00    (     0.178160,       -3.062903)   2068.97 0.05923
2009:095:06:00:00.00    1375615.60    8788543.11   -1218918.32 07-08    00    (     0.120525,      -38.155712)   3750.00 0.04940
2009:095:06:20:00.00   -4469876.94   -4473620.23    1877258.12 05-06    00    (     0.191542,     -138.734144) 188088.00 0.00812
2009:095:06:20:00.00   -4849626.73   -4596078.41    2658607.62 05-07    00    (     0.145325,     -129.399549) 340909.00 0.00722
2009:095:06:20:00.00   -3199980.72    4128236.90    1323856.53 05-08    00    (     0.486928,      158.957295)  54545.40 0.00660
2009:095:06:20:00.00    -379749.79    -122458.18     781349.50 06-07    00    (     2.401051,       -2.364378)  12931.00 0.00885
2009:095:06:20:00.00    1269896.22    8601857.14    -553401.59 06-08    00    (     0.143091,       19.095744)   2068.97 0.06247
2009:095:06:20:00.00    1649646.01    8724315.32   -1334751.09 07-08    00    (     0.076018,       18.806399)   3750.00 0.05183
2009:095:06:40:00.00   -4498885.60   -4283208.99    2220658.70 05-06    00    (     0.214757,     -148.808506) 188088.00 0.00798
2009:095:06:40:00.00   -4822653.20   -4390731.14    3028944.83 05-07    00    (     0.153955,     -141.351012) 340909.00 0.00690
2009:095:06:40:00.00   -2911600.38    4257988.78    1557859.88 05-08    00    (     0.510194,      164.079763)  54545.40 0.00630
2009:095:06:40:00.00    -323767.60    -107522.16     808286.14 06-07    00    (     2.423616,       -2.550945)  12931.00 0.00884
2009:095:06:40:00.00    1587285.22    8541197.77    -662798.81 06-08    00    (     0.321174,       23.432123)   2068.97 0.06608
2009:095:06:40:00.00    1911052.82    8648719.93   -1471084.95 07-08    00    (     0.152142,       -5.187332)   3750.00 0.05437
2009:095:07:00:00.00   -4493467.40   -4092296.90    2564962.51 05-06    00    (     0.225574,     -154.478686) 188088.00 0.00773
2009:095:07:00:00.00   -2600939.59    4375022.72    1768926.83 05-08    00    (     0.536148,      167.072057)  54545.40 0.00604
2009:095:07:00:00.00    1892527.81    8467319.62    -796035.67 06-08    00    (     0.081890,       -6.526183)   2068.97 0.07001
2009:095:07:20:00.00   -4453663.80   -3902344.90    2907534.85 05-06    00    (     0.245237,     -165.976021) 188088.00 0.00740
2009:095:07:20:00.00   -2270375.59    4478443.14    1955442.25 05-08    00    (     0.534802,      170.127539)  54545.40 0.00581
2009:095:07:20:00.00    2183288.21    8380788.04    -952092.61 06-08    00    (     0.148306,      -13.107170)   2068.97 0.07418
2009:095:07:40:00.00   -1854737.12    2356705.58   -2915838.26 04-05    00    (     1.125871,     -104.395521) 136363.00 0.00313
2009:095:07:40:00.00   -3777175.09    6924164.23    -799859.42 04-08    00    (     0.066204,       27.157070)   1500.00 0.05657
2009:095:07:40:00.00   -1922437.98    4567458.64    2115978.84 05-08    00    (     0.547803,      174.209262)  54545.40 0.00564
2009:095:08:00:00.00   -1970623.06    2437919.87   -2769370.91 04-05    00    (     1.067172,     -109.864023) 136363.00 0.00318
2009:095:08:00:00.00   -3530412.33    7079307.91    -520062.76 04-08    00    (     0.163326,       19.687145)   1500.00 0.05481
2009:095:08:00:00.00   -1559789.28    4641388.04    2249308.14 05-08    00    (     0.565824,      177.881085)  54545.40 0.00551
2009:095:08:20:00.00   -2071429.18    2523734.63   -2614606.74 04-05    00    (     1.014624,     -115.863327) 136363.00 0.00323
2009:095:08:20:00.00   -3256633.78    7223400.24    -260196.87 04-08    00    (     0.130768,       60.677667)   1500.00 0.05314
2009:095:08:20:00.00   -1185204.60    4699665.61    2354409.87 05-08    00    (     0.560640,     -179.606508)  54545.40 0.00544
2009:095:08:40:00.00   -2156384.09    2613493.19   -2452730.06 04-05    00    (     0.972825,     -121.244217) 136363.00 0.00328
2009:095:08:40:00.00   -2957934.45    7355338.59     -22250.30 04-08    00    (     0.150316,      -48.250158)   1500.00 0.05162
2009:095:08:40:00.00    -801550.36    4741845.40    2430479.77 05-08    00    (     0.539249,     -177.891373)  54545.40 0.00542
2009:095:09:00:00.00   -2224837.69    2706508.68   -2284979.60 04-05    00    (     0.940838,     -126.192970) 136363.00 0.00332
2009:095:09:00:00.00   -2636600.09    7474113.31     191956.11 04-08    00    (     0.140516,       13.322622)   1500.00 0.05035
2009:095:09:00:00.00    -411762.41    4767604.63    2476935.71 05-08    00    (     0.522959,     -174.730999)  54545.40 0.00546
2009:095:09:20:00.00    -476084.33     442377.66   -1354874.34 02-04    00    (     2.331426,      -17.821862)   1260.50 0.02841
2009:095:09:20:00.00   -2752350.47    3244446.99   -3467513.37 02-05    00    (     0.728430,     -158.212244)  45836.50 0.00635
2009:095:09:20:00.00   -2771173.99    8021193.17    -974091.17 02-08    00    (     0.259001,       -1.506290)    504.20 0.09543
2009:095:09:20:00.00   -2276266.14    2802069.34   -2112639.02 04-05    00    (     0.909314,     -130.955532) 136363.00 0.00335
2009:095:09:20:00.00   -2295089.66    7578815.52     380783.18 04-08    00    (     0.187991,       18.199157)   1500.00 0.04938
2009:095:09:20:00.00     -18823.52    4776746.18    2493422.20 05-08    00    (     0.497314,     -172.259952)  54545.40 0.00555
2009:095:09:40:00.00    -559068.66     464354.47   -1315239.87 02-04    00    (     2.255383,      -19.637864)   1260.50 0.02849
2009:095:09:40:00.00   -2869344.56    3363798.35   -3252267.02 02-05    00    (     0.685789,     -164.366226)  45836.50 0.00652
2009:095:09:40:00.00   -2495085.15    8132998.45    -772453.93 02-08    00    (     0.229294,      -68.690706)    504.20 0.09426
2009:095:09:40:00.00   -2310275.90    2899443.88   -1937027.15 04-05    00    (     0.882552,     -134.634392) 136363.00 0.00338
2009:095:09:40:00.00   -1936016.49    7668643.99     542785.94 04-08    00    (     0.208319,       34.323382)   1500.00 0.04877
2009:095:09:40:00.00     374259.41    4769200.10    2479813.09 05-08    00    (     0.462866,     -171.697404)  54545.40 0.00571
2009:095:10:00:00.00    -637774.83     489764.04   -1269414.52 02-04    00    (     2.228528,      -21.833895)   1260.50 0.02859
2009:095:10:00:00.00   -2964381.54    3487651.23   -3028902.34 02-05    00    (     0.635068,     -171.439181)  45836.50 0.00667
2009:095:10:00:00.00   -2199903.17    8232675.36    -592689.82 02-08    00    (     0.182825,       21.918077)    504.20 0.09344
2009:095:10:00:00.00   -2326606.71    2997887.19   -1759487.82 04-05    00    (     0.859244,     -138.450840) 136363.00 0.00340
2009:095:10:00:00.00   -1562128.34    7742911.32     676724.70 04-08    00    (     0.219878,       46.767584)   1500.00 0.04857
2009:095:10:00:00.00     764478.37    4745024.14    2436212.52 05-08    00    (     0.433884,     -170.718114)  54545.40 0.00593
2009:095:10:20:00.00     374643.66     -40224.46     583173.86 02-03    00    (     2.424201,        3.955379)    672.27 0.03877
2009:095:10:20:00.00    -711600.55     518411.95   -1217748.94 02-04    00    (     2.224105,      -23.965522)   1260.50 0.02869
2009:095:10:20:00.00   -3036734.16    3615057.87   -2799128.54 02-05    00    (     0.604876,     -177.643793)  45836.50 0.00680
2009:095:10:20:00.00   -1887886.83    8319461.16    -436174.42 02-08    00    (     0.122400,     -130.761014)    504.20 0.09308
2009:095:10:20:00.00   -1086244.21     558636.41   -1800922.80 03-04    00    (     1.996309,      -32.869566)   2000.00 0.02333
2009:095:10:20:00.00   -3411377.82    3655282.33   -3382302.40 03-05    00    (     0.513910,      169.377671)  72727.30 0.00584
2009:095:10:20:00.00   -2262530.49    8359685.62   -1019348.28 03-08    00    (     0.080713,      -17.759222)    800.00 0.07607
2009:095:10:20:00.00   -2325133.61    3096645.93   -1581379.60 04-05    00    (     0.836778,     -141.862784) 136364.00 0.00342
2009:095:10:20:00.00   -1176286.29    7801049.21     781574.52 04-08    00    (     0.218613,       19.271593)   1500.00 0.04881
2009:095:10:20:00.00    1148847.33    4704403.29    2362954.12 05-08    00    (     0.402361,     -171.824992)  54545.40 0.00621
2009:095:10:40:00.00     416077.80     -57011.87     552898.31 02-03    00    (     2.364766,        8.069820)    672.27 0.03882
2009:095:10:40:00.00    -779980.87     550078.96   -1160638.51 02-04    00    (     2.145510,      -24.630177)   1260.50 0.02879
2009:095:10:40:00.00   -3085848.75    3745043.33   -2564703.95 02-05    00    (     0.571442,      178.172326)  45836.50 0.00690
2009:095:10:40:00.00   -1561423.80    8392691.73    -304105.45 02-08    00    (     0.226805,      -13.216782)    504.20 0.09327
2009:095:10:40:00.00   -1196058.68     607090.82   -1713536.82 03-04    00    (     1.910434,      -36.007191)   2000.00 0.02354
2009:095:10:40:00.00   -3501926.55    3802055.19   -3117602.26 03-05    00    (     0.480216,      160.868696)  72727.30 0.00600
2009:095:10:40:00.00   -1977501.60    8449703.59    -857003.76 03-08    00    (     0.130541,       16.616633)    800.00 0.07585
2009:095:10:40:00.00   -2305867.88    3194964.37   -1404065.44 04-05    00    (     0.819584,     -144.484231) 136364.00 0.00342
2009:095:10:40:00.00    -781442.93    7842612.77     856533.06 04-08    00    (     0.161326,       43.734140)   1500.00 0.04954
2009:095:10:40:00.00    1524424.95    4647648.40    2260598.50 05-08    00    (     0.368960,     -173.147535)  54545.40 0.00655
2009:095:11:00:00.00     454327.99     -75491.01     519571.77 02-03    00    (     2.398765,       10.304655)    672.27 0.03887
2009:095:11:00:00.00    -842392.55     584522.74   -1098520.24 02-04    00    (     2.118895,      -27.435472)   1260.50 0.02890
2009:095:11:00:00.00   -3111349.48    3876612.90   -2327422.44 02-05    00    (     0.548408,      171.099229)  45836.50 0.00698
2009:095:11:00:00.00   -1223012.28    8451806.68    -197493.53 02-08    00    (     0.202169,       35.747823)    504.20 0.09408
2009:095:11:00:00.00   -1296720.54     660013.75   -1618092.01 03-04    00    (     1.816703,      -40.153028)   2000.00 0.02375
2009:095:11:00:00.00   -3565677.46    3952103.91   -2846994.21 03-05    00    (     0.449114,      153.779874)  72727.30 0.00613
2009:095:11:00:00.00   -1677340.26    8527297.69    -717065.30 03-08    00    (     0.036462,      -21.932442)    800.00 0.07599
2009:095:11:00:00.00   -2268956.93    3292090.16   -1228902.20 04-05    00    (     0.798944,     -147.261905) 136364.00 0.00342
2009:095:11:00:00.00    -380619.73    7867283.93     901026.71 04-08    00    (     0.241679,        8.672870)   1500.00 0.05079
2009:095:11:00:00.00    1888337.20    4575193.78    2129928.91 05-08    00    (     0.338846,     -176.366163)  54545.40 0.00696
2009:095:11:20:00.00   -3016048.45   -1617896.79    -902912.04 01-02    00    (     0.162785,      -59.178992)   1527.88 0.03999
2009:095:11:20:00.00   -2526946.94   -1713417.28    -419462.79 01-03    00    (     0.319325,       -2.430757)   2424.24 0.02846
2009:095:11:20:00.00   -3914406.42    -996417.06   -1934781.54 01-04    00    (     0.244171,     -156.761373)   4545.45 0.02870
2009:095:11:20:00.00   -6129089.64    2390862.98   -2992011.83 01-05    00    (     0.266009,       81.509820) 165289.00 0.00955
2009:095:11:20:00.00   -3891290.34    6878456.85   -1020066.54 01-08    00    (     0.167516,       32.927503)   1818.18 0.05239
2009:095:11:20:00.00     489101.51     -95520.48     483449.26 02-03    00    (     2.323864,        9.315059)    672.27 0.03891
2009:095:11:20:00.00    -898357.98     621479.73   -1031869.50 02-04    00    (     2.058127,      -29.061641)   1260.50 0.02900
2009:095:11:20:00.00   -3113041.19    4008759.78   -2089099.79 02-05    00    (     0.521433,      167.696579)  45836.50 0.00703
2009:095:11:20:00.00    -875241.89    8496353.65    -117154.50 02-08    00    (     0.027179,       81.451844)    504.20 0.09559
2009:095:11:20:00.00   -1387459.49     717000.22   -1515318.75 03-04    00    (     1.770143,      -42.865267)   2000.00 0.02396
2009:095:11:20:00.00   -3602142.70    4104280.26   -2572549.05 03-05    00    (     0.426997,      149.999140)  72727.30 0.00623
2009:095:11:20:00.00   -1364343.40    8591874.13    -600603.76 03-08    00    (     0.116275,        0.327742)    800.00 0.07654
2009:095:11:20:00.00   -2214683.22    3387280.04   -1057230.30 04-05    00    (     0.788034,     -149.055267) 136364.00 0.00341
2009:095:11:20:00.00      23116.08    7874873.91     914714.99 04-08    00    (     0.148343,       72.744237)   1500.00 0.05260
2009:095:11:20:00.00    2237799.30    4487593.87    1971945.29 05-08    00    (     0.325116,     -179.700881)  54545.40 0.00743
2009:095:11:40:00.00   -3142084.70   -1487156.59    -667126.28 01-02    00    (     0.147550,      -48.011731)   1527.88 0.04093
2009:095:11:40:00.00   -2621952.42   -1604103.60    -222319.09 01-03    00    (     0.306869,        1.070584)   2424.24 0.02884
2009:095:11:40:00.00   -4089533.59    -826489.47   -1628322.58 01-04    00    (     0.263228,     -165.336943)   4545.45 0.03001
2009:095:11:40:00.00   -6232995.66    2653316.15   -2518685.97 01-05    00    (     0.270581,       71.803201) 165289.00 0.00996
2009:095:11:40:00.00   -3662858.58    7038835.16    -730829.42 01-08    00    (     0.142378,       24.149280)   1818.18 0.05085
2009:095:11:40:00.00     520132.28    -116947.01     444807.20 02-03    00    (     2.272015,       11.321319)    672.27 0.03896
2009:095:11:40:00.00    -947448.89     660667.12    -961196.30 02-04    00    (     1.993195,      -32.422615)   1260.50 0.02909
2009:095:11:40:00.00   -3090910.96    4140472.74   -1851559.69 02-05    00    (     0.508231,      163.540480)  45836.50 0.00705
2009:095:11:40:00.00    -520773.88    8525991.75     -63703.13 02-08    00    (     0.200020,        3.917134)    504.20 0.09785
2009:095:11:40:00.00   -1467581.17     777614.14   -1406003.49 03-04    00    (     1.757659,      -46.423417)   2000.00 0.02416
2009:095:11:40:00.00   -3611043.24    4257419.75   -2296366.89 03-05    00    (     0.401536,      142.775104)  72727.30 0.00629
2009:095:11:40:00.00   -1040906.16    8642938.76    -508510.33 03-08    00    (     0.180981,        4.887651)    800.00 0.07756
2009:095:11:40:00.00   -2143462.07    3479805.62    -890363.39 04-05    00    (     0.775901,     -150.620074) 136364.00 0.00340
2009:095:11:40:00.00     426675.01    7865324.63     897493.16 04-08    00    (     0.091955,       16.909570)   1500.00 0.05500
2009:095:11:40:00.00    2570137.08    4385519.01    1787856.56 05-08    00    (     0.332315,      178.224246)  54545.40 0.00794
2009:095:12:00:00.00   -3244076.74   -1351575.24    -422609.66 01-02    00    (     0.179828,      -73.550629)   1527.88 0.04165
2009:095:12:00:00.00   -2696893.90   -1491181.87     -18668.37 01-03    00    (     0.334220,      -11.341248)   2424.24 0.02911
2009:095:12:00:00.00   -4233366.37    -649790.20   -1309651.12 01-04    00    (     0.341926,     -164.872416)   4545.45 0.03112
2009:095:12:00:00.00   -6289204.86    2919168.64   -2039229.54 01-05    00    (     0.239611,       67.046905) 165289.00 0.01018
2009:095:12:00:00.00   -3406397.48    7188918.95    -460158.12 01-08    00    (     0.146361,       30.060934)   1818.18 0.04931
2009:095:12:00:00.00     547182.84    -139606.64     403941.29 02-03    00    (     2.333992,       10.761615)    672.27 0.03900
2009:095:12:00:00.00    -989289.63     701785.04    -887041.46 02-04    00    (     1.987286,      -35.880176)   1260.50 0.02918
2009:095:12:00:00.00   -3045128.12    4270743.87   -1616619.88 02-05    00    (     0.494460,      161.300573)  45836.50 0.00705
2009:095:12:00:00.00    -162320.75    8540494.18     -37548.46 02-08    00    (     0.101214,     -168.259461)    504.20 0.10092
2009:095:12:00:00.00   -1536472.47     841391.68   -1290982.74 03-04    00    (     1.669331,      -50.462742)   2000.00 0.02434
2009:095:12:00:00.00   -3592310.96    4410350.51   -2020561.17 03-05    00    (     0.388733,      137.595679)  72727.30 0.00631
2009:095:12:00:00.00    -709503.58    8680100.82    -441489.74 03-08    00    (     0.040702,        0.616315)    800.00 0.07911
2009:095:12:00:00.00   -2055838.49    3568958.84    -729578.42 04-05    00    (     0.765832,     -151.715839) 136364.00 0.00338
2009:095:12:00:00.00     826968.89    7838709.15     849493.00 04-08    00    (     0.261345,       43.911425)   1500.00 0.05802
2009:095:12:00:00.00    2882807.38    4269750.31    1579071.42 05-08    00    (     0.305096,      175.987470)  54545.40 0.00850
2009:095:12:20:00.00   -3321244.11   -1212190.24    -171233.29 01-02    00    (     0.129848,     -104.149432)   1527.88 0.04213
2009:095:12:20:00.00   -2751197.93   -1375516.20     189930.96 01-03    00    (     0.278176,      -19.499698)   2424.24 0.02926
2009:095:12:20:00.00   -4344804.14    -467671.41    -981205.73 01-04    00    (     0.316383,     -158.286075)   4545.45 0.03195
2009:095:12:20:00.00   -6297287.13    3186386.07   -1557311.48 01-05    00    (     0.238374,       55.686312) 165289.00 0.01020
2009:095:12:20:00.00   -3123869.59    7327559.74    -210123.90 01-08    00    (     0.198318,       13.391264)   1818.18 0.04788
2009:095:12:20:00.00     570046.18    -163325.96     361164.25 02-03    00    (     2.300997,       12.402603)    672.27 0.03903
2009:095:12:20:00.00   -1023560.03     744518.83    -809972.44 02-04    00    (     1.980613,      -36.547116)   1260.50 0.02926
2009:095:12:20:00.00   -2976043.03    4398576.30   -1386078.19 02-05    00    (     0.466004,      158.279696)  45836.50 0.00701
2009:095:12:20:00.00     197374.52    8539749.98     -38890.61 02-08    00    (     0.201992,       76.847065)    504.20 0.10486
2009:095:12:20:00.00   -1593606.21     907844.79   -1171136.69 03-04    00    (     1.575565,      -53.958216)   2000.00 0.02449
2009:095:12:20:00.00   -3546089.21    4561902.27   -1747242.44 03-05    00    (     0.365311,      133.907637)  72727.30 0.00631
2009:095:12:20:00.00    -372671.66    8703075.94    -400054.86 03-08    00    (     0.049456,        1.654475)    800.00 0.08121
2009:095:12:20:00.00   -1952483.00    3654057.48    -576105.75 04-05    00    (     0.763517,     -152.701775) 136364.00 0.00335
2009:095:12:20:00.00    1220934.55    7795231.15     771081.82 04-08    00    (     0.218798,       37.997861)   1500.00 0.06169
2009:095:12:20:00.00    3173417.55    4141173.67    1347187.58 05-08    00    (     0.310148,      171.320397)  54545.40 0.00909
2009:095:12:40:00.00   -3372996.29   -1070068.21      85079.22 01-02    00    (     0.268309,      -94.999844)   1527.88 0.04233
2009:095:12:40:00.00   -2784448.94   -1257991.69     401882.65 01-03    00    (     0.291006,      -28.376394)   2424.24 0.02926
2009:095:12:40:00.00   -4422994.12    -281526.73    -645499.77 01-04    00    (     0.352195,     -159.754733)   4545.45 0.03245
2009:095:12:40:00.00   -6257180.62    3452923.61   -1076619.58 01-05    00    (     0.238107,       51.522130) 165289.00 0.01001
2009:095:12:40:00.00   -2817436.88    7453696.60      17359.89 01-08    00    (     0.130817,       20.815001)   1818.18 0.04662
2009:095:12:40:00.00     588547.36    -187923.47     316803.43 02-03    00    (     2.270131,       12.445333)    672.27 0.03906
2009:095:12:40:00.00   -1049997.83     788541.48    -730578.99 02-04    00    (     1.922685,      -38.164789)   1260.50 0.02932
2009:095:12:40:00.00   -2884184.33    4522991.82   -1161698.80 02-05    00    (     0.456502,      154.438797)  45836.50 0.00696
2009:095:12:40:00.00     555559.41    8523764.82     -67719.33 02-08    00    (     0.202928,       85.573025)    504.20 0.10971
2009:095:12:40:00.00   -1638545.18     976464.96   -1047382.42 03-04    00    (     1.561023,      -53.791093)   2000.00 0.02462
2009:095:12:40:00.00   -3472731.69    4710915.29   -1478502.23 03-05    00    (     0.351088,      131.679951)  72727.30 0.00626
2009:095:12:40:00.00     -32987.94    8711688.29    -384522.76 03-08    00    (     0.156542,      -37.799363)    800.00 0.08392
2009:095:12:40:00.00   -1834186.50    3734450.34    -431119.81 04-05    00    (     0.760891,     -153.506043) 136364.00 0.00333
2009:095:12:40:00.00    1605557.24    7735223.33     662859.66 04-08    00    (     0.157772,       57.763521)   1500.00 0.06601
2009:095:12:40:00.00    3439743.74    4000773.00    1093979.47 05-08    00    (     0.301900,      171.803133)  54545.40 0.00969
2009:095:13:00:00.00   -3398937.26    -926296.73     344366.48 01-02    00    (     0.242449,      -85.666394)   1527.88 0.04224
2009:095:13:00:00.00   -2796392.48   -1139507.68     615564.76 01-03    00    (     0.328389,      -36.157231)   2424.24 0.02913
2009:095:13:00:00.00   -4467337.98     -92780.60    -305102.19 01-04    00    (     0.369692,     -175.369970)   4545.45 0.03259
2009:095:13:00:00.00   -6169192.23    3716741.62    -600832.26 01-05    00    (     0.219722,       49.061182) 165289.00 0.00964
2009:095:13:00:00.00   -2489444.28    7566364.30     220552.47 01-08    00    (     0.118763,        5.888744)   1818.18 0.04560
2009:095:13:00:00.00     602544.78    -213210.95     271198.28 02-03    00    (     2.292077,       13.540188)    672.27 0.03908
2009:095:13:00:00.00   -1068400.71     833516.13    -649468.66 02-04    00    (     1.933320,      -39.744828)   1260.50 0.02936
2009:095:13:00:00.00   -2770254.97    4643038.35    -945198.74 02-05    00    (     0.465451,      153.105637)  45836.50 0.00689
2009:095:13:00:00.00     909492.98    8492661.03    -123814.01 02-08    00    (     0.241780,       -4.138855)    504.20 0.11547
2009:095:13:00:00.00   -1670945.50    1046727.07    -920666.95 03-04    00    (     1.581228,      -60.657360)   2000.00 0.02472
2009:095:13:00:00.00   -3372799.75    4856249.30   -1216397.02 03-05    00    (     0.352399,      126.963205)  72727.30 0.00619
2009:095:13:00:00.00     306948.20    8705871.98    -395012.29 03-08    00    (     0.190555,      -43.401226)    800.00 0.08727
2009:095:13:00:00.00   -1701854.25    3809522.22    -295730.07 04-05    00    (     0.753162,     -153.228848) 136364.00 0.00331
2009:095:13:00:00.00    1977893.70    7659144.91     525654.65 04-08    00    (     0.133733,      -19.591384)   1500.00 0.07099
2009:095:13:00:00.00    3679747.95    3849622.68     821384.73 05-08    00    (     0.309542,      171.576306)  54545.40 0.01027
2009:095:13:20:00.00   -3398868.52    -781975.96     604644.35 01-02    00    (     0.320340,      -90.513692)   1527.88 0.04186
2009:095:13:20:00.00   -2786937.17   -1020970.84     829342.15 01-03    00    (     0.430160,      -36.720639)   2424.24 0.02886
2009:095:13:20:00.00   -4477496.40      97122.64      37382.22 01-04    00    (     0.368161,     -177.490193)   4545.45 0.03237
2009:095:13:20:00.00   -6033995.28    3975821.30    -133590.36 01-05    00    (     0.205213,       49.845751) 165289.00 0.00913
2009:095:13:20:00.00   -2142401.68    7664700.68     397898.96 01-08    00    (     0.111884,       25.196531)   1818.18 0.04487
2009:095:13:20:00.00     611931.36    -238994.87     224697.80 02-03    00    (     2.225426,       16.316699)    672.27 0.03909
2009:095:13:20:00.00   -1078627.87     879098.60    -567262.13 02-04    00    (     1.911278,      -41.664839)   1260.50 0.02940
2009:095:13:20:00.00   -2635126.76    4757797.27    -738234.71 02-05    00    (     0.435356,      151.489848)  45836.50 0.00680
2009:095:13:20:00.00    1256466.84    8446676.64    -206745.39 02-08    00    (     0.295317,        3.309907)    504.20 0.12214
2009:095:13:20:00.00   -1690559.23    1118093.48    -791959.93 03-04    00    (     1.540919,      -61.995757)   2000.00 0.02478
2009:095:13:20:00.00   -3247058.11    4996792.14    -962932.51 03-05    00    (     0.334159,      125.765441)  72727.30 0.00610
2009:095:13:20:00.00     644535.49    8685671.51    -431443.19 03-08    00    (     0.157144,       23.011109)    800.00 0.09126
2009:095:13:20:00.00   -1556498.88    3878698.67    -170972.58 04-05    00    (     0.746036,     -153.097948) 136364.00 0.00328
2009:095:13:20:00.00    2335094.72    7567578.04     360516.74 04-08    00    (     0.217544,       56.613363)   1500.00 0.07656
2009:095:13:20:00.00    3891593.60    3688879.37     531489.32 05-08    00    (     0.290442,      174.537136)  54545.40 0.01081
2009:095:13:40:00.00   -3372790.59    -638210.30     863921.11 01-02    00    (     0.366422,      -88.464318)   1527.88 0.04122
2009:095:13:40:00.00   -2756155.35    -903288.25    1041578.91 01-03    00    (     0.446549,      -37.835334)   2424.24 0.02847
2009:095:13:40:00.00   -4453391.63     286729.79     379332.64 01-04    00    (     0.384930,     -164.528522)   4545.45 0.03179
2009:095:13:40:00.00   -5852624.33    4228180.10     321530.63 01-05    00    (     0.210157,       49.124405) 165289.00 0.00851
2009:095:13:40:00.00   -1778964.76    7747953.22     548042.25 01-08    00    (     0.098424,       12.189600)   1818.18 0.04449
2009:095:13:40:00.00     616635.24    -265077.95     177657.81 02-03    00    (     2.349804,       15.694912)    672.27 0.03910
2009:095:13:40:00.00   -1080601.04     924940.10    -484588.47 02-04    00    (     1.959494,      -43.109324)   1260.50 0.02941
2009:095:13:40:00.00   -2479833.74    4866390.40    -542390.48 02-05    00    (     0.441606,      151.518188)  45836.50 0.00671
2009:095:13:40:00.00    1593825.83    8386163.52    -315878.86 02-08    00    (     0.170594,       78.547474)    504.20 0.12970
2009:095:13:40:00.00   -1697236.28    1190018.04    -662246.28 03-04    00    (     1.533471,      -62.854209)   2000.00 0.02481
2009:095:13:40:00.00   -3096468.98    5131468.35    -720048.29 03-05    00    (     0.320415,      124.076170)  72727.30 0.00600
2009:095:13:40:00.00     977190.59    8651241.47    -493536.67 03-08    00    (     0.198728,       12.203695)    800.00 0.09590
2009:095:13:40:00.00   -1399232.71    3941450.31     -57802.01 04-05    00    (     0.740568,     -153.037682) 136364.00 0.00326
2009:095:13:40:00.00    2674426.87    7461223.42     168709.61 04-08    00    (     0.191500,       82.902085)   1500.00 0.08265
2009:095:13:40:00.00    4073659.58    3519773.12     226511.62 05-08    00    (     0.283716,      175.381465)  54545.40 0.01128
2009:095:14:00:00.00   -3320903.02    -496099.89    1120212.68 01-02    00    (     0.384005,      -95.249087)   1527.88 0.04034
2009:095:14:00:00.00   -2704282.58    -787360.46    1250650.96 01-03    00    (     0.464038,      -38.912339)   2424.24 0.02797
2009:095:14:00:00.00   -4395208.13     474589.93     718132.36 01-04    00    (     0.405679,     -171.365188)   4545.45 0.03089
2009:095:14:00:00.00   -5626467.30    4471886.87     761047.97 01-05    00    (     0.217555,       56.277871) 165289.00 0.00783
2009:095:14:00:00.00   -1401914.65    7815484.86     669833.39 01-08    00    (     0.159900,        6.922072)   1818.18 0.04449
2009:095:14:00:00.00     616620.44    -291260.57     130438.28 02-03    00    (     2.272263,       15.474031)    672.27 0.03910
2009:095:14:00:00.00   -1074305.11     970689.82    -402080.32 02-04    00    (     1.894392,      -44.175035)   1260.50 0.02941
2009:095:14:00:00.00   -2305564.27    4967986.76    -359164.71 02-05    00    (     0.419076,      149.623268)  45836.50 0.00662
2009:095:14:00:00.00    1918988.38    8311584.74    -450379.29 02-08    00    (     0.292633,       26.908916)    504.20 0.13806
2009:095:14:00:00.00   -1690925.55    1261950.39    -532518.60 03-04    00    (     1.567141,      -66.531322)   2000.00 0.02481
2009:095:14:00:00.00   -2922184.71    5259247.33    -489602.99 03-05    00    (     0.329368,      123.057134)  72727.30 0.00588
2009:095:14:00:00.00    1302367.94    8602845.32    -580817.57 03-08    00    (     0.274607,      153.404768)    800.00 0.10116
2009:095:14:00:00.00   -1231259.17    3997296.94      42915.61 04-05    00    (     0.736406,     -151.923606) 136364.00 0.00325
2009:095:14:00:00.00    2993293.48    7340894.93     -48298.97 04-08    00    (     0.257775,       61.490589)   1500.00 0.08912
2009:095:14:00:00.00    4224552.65    3343597.98     -91214.58 05-08    00    (     0.288334,      179.133677)  54545.40 0.01166
2009:095:14:20:00.00   -3243602.88    -356732.20    1371557.84 01-02    00    (     0.427807,      -77.586594)   1527.88 0.03925
2009:095:14:20:00.00   -2631715.82    -674074.59    1454958.40 01-03    00    (     0.615720,      -44.124887)   2424.24 0.02737
2009:095:14:20:00.00   -4303391.15     659265.47    1051188.78 01-04    00    (     0.416980,     -166.001783)   4545.45 0.02974
2009:095:14:20:00.00   -5357254.81    4705076.70    1181598.34 01-05    00    (     0.209484,       58.637496) 165289.00 0.00714
2009:095:14:20:00.00   -1014136.67    7866778.81     762340.40 01-08    00    (     0.125613,       43.702038)   1818.18 0.04490
2009:095:14:20:00.00     611887.07    -317342.39      83400.56 02-03    00    (     2.304228,       16.909482)    672.27 0.03909
2009:095:14:20:00.00   -1059788.27    1015997.67    -320369.06 02-04    00    (     1.898262,      -44.423737)   1260.50 0.02939
2009:095:14:20:00.00   -2113651.92    5061808.90    -189959.50 02-05    00    (     0.411576,      150.401446)  45836.50 0.00654
2009:095:14:20:00.00    2229466.22    8223511.01    -609217.44 02-08    00    (     0.104794,       63.885862)    504.20 0.14707
2009:095:14:20:00.00   -1671675.34    1333340.06    -403769.62 03-04    00    (     1.521078,      -68.574267)   2000.00 0.02477
2009:095:14:20:00.00   -2725538.99    5379151.29    -273360.06 03-05    00    (     0.327544,      124.188113)  72727.30 0.00576
2009:095:14:20:00.00    1617579.15    8540853.40    -692618.00 03-08    00    (     0.130713,       -0.950084)    800.00 0.10701
2009:095:14:20:00.00   -1053863.66    4045811.23     130409.56 04-05    00    (     0.727639,     -151.557371) 136364.00 0.00324
2009:095:14:20:00.00    3289254.48    7207513.34    -288848.38 04-08    00    (     0.244182,       76.489971)   1500.00 0.09578
2009:095:14:20:00.00    4343118.14    3161702.11    -419257.94 05-08    00    (     0.287856,      179.214276)  54545.40 0.01191
2009:095:14:40:00.00   -3141481.69    -221173.70    1616033.23 01-02    00    (     0.568412,      -84.500128)   1527.88 0.03801
2009:095:14:40:00.00   -2539010.34    -564297.52    1652937.81 01-03    00    (     0.735537,      -42.011437)   2424.24 0.02671
2009:095:14:40:00.00   -4178643.29     839343.24    1375953.26 01-04    00    (     0.462761,     -158.843100)   4545.45 0.02838
2009:095:14:40:00.00   -5047046.94    4925965.15    1579963.58 01-05    00    (     0.201687,       63.059490) 165289.00 0.00648
2009:095:14:40:00.00    -618598.19    7901442.58     824855.39 01-08    00    (     0.220790,       19.288577)   1818.18 0.04577
2009:095:14:40:00.00     602471.35    -343123.82      36904.58 02-03    00    (     2.256702,       17.403736)    672.27 0.03907
2009:095:14:40:00.00   -1037161.60    1060516.95    -240079.97 02-04    00    (     1.844742,      -43.914122)   1260.50 0.02936
2009:095:14:40:00.00   -1905565.25    5147138.86     -36069.65 02-05    00    (     0.417876,      150.987564)  45836.50 0.00646
2009:095:14:40:00.00    2522883.50    8122616.28    -791177.84 02-08    00    (     0.385033,       51.253008)    504.20 0.15655
2009:095:14:40:00.00   -1639632.95    1403640.77    -276984.55 03-04    00    (     1.533520,      -69.104214)   2000.00 0.02470
2009:095:14:40:00.00   -2508036.60    5490262.68     -72974.23 03-05    00    (     0.326763,      123.550334)  72727.30 0.00565
2009:095:14:40:00.00    1920412.15    8465740.10    -828082.42 03-08    00    (     0.172352,     -115.303410)    800.00 0.11335
2009:095:14:40:00.00    -868403.65    4086621.91     204010.32 04-05    00    (     0.709629,     -150.489672) 136364.00 0.00323
2009:095:14:40:00.00    3560045.10    7062099.34    -551097.88 04-08    00    (     0.253480,       60.801791)   1500.00 0.10238
2009:095:14:40:00.00    4428448.75    2975477.43    -755108.19 05-08    00    (     0.277456,     -177.506180)  54545.40 0.01202
2009:095:15:00:00.00   -3015320.91     -90461.75    1851768.05 01-02    00    (     0.575470,      -75.772155)   1527.88 0.03666
2009:095:15:00:00.00   -2426875.58    -458869.32    1843074.20 01-03    00    (     0.797003,      -38.894976)   2424.24 0.02600
2009:095:15:00:00.00   -4021919.16    1013445.23    1689940.60 01-04    00    (     0.498726,     -150.119582)   4545.45 0.02690
2009:095:15:00:00.00    -218326.01    7919210.89     856899.97 01-08    00    (     0.223195,       44.227421)   1818.18 0.04712
2009:095:15:00:00.00     588445.34    -368407.57      -8693.85 02-03    00    (     2.293570,       18.247267)    672.27 0.03905
2009:095:15:00:00.00   -1006598.25    1103906.98    -161827.44 02-04    00    (     1.883535,      -48.038823)   1260.50 0.02931
2009:095:15:00:00.00    2796994.91    8009672.64    -994868.08 02-08    00    (     0.330641,      -28.416773)    504.20 0.16621
2009:095:15:00:00.00   -1595043.58    1472314.55    -153133.60 03-04    00    (     1.499124,      -67.389388)   2000.00 0.02460
2009:095:15:00:00.00    2208549.57    8378080.21    -986174.23 03-08    00    (     0.187308,       39.691231)    800.00 0.12005
2009:095:15:00:00.00    3803593.15    6905765.67    -833040.63 04-08    00    (     0.144413,      -10.171762)   1500.00 0.10863
2009:095:15:20:00.00     183616.87    7919947.79     858228.93 01-08    00    (     0.172304,       20.541432)   1818.18 0.04899
2009:095:15:40:00.00     584154.66    7903647.62     828832.10 01-08    00    (     0.186951,       35.014316)   1818.18 0.05141
2009:095:16:00:00.00     980222.31    7870435.12     768934.44 01-08    00    (     0.206741,       22.949126)   1818.18 0.05440
2009:095:16:20:00.00    1368789.00    7820564.46     678994.29 01-08    00    (     0.169873,       31.423300)   1818.18 0.05798
2009:095:16:40:00.00    1746881.30    7754417.24     559699.90 01-08    00    (     0.122763,       58.982994)   1818.18 0.06215
2009:095:17:00:00.00    2111605.92    7672499.65     411964.17 01-08    00    (     0.247375,      -11.650079)   1818.18 0.06689
2009:095:17:20:00.00    2460171.87    7575438.56     236917.60 01-08    00    (     0.224375,       61.012879)   1818.18 0.07214
2009:095:17:40:00.00    2789911.84    7463976.70      35899.70 01-08    00    (     0.350538,       39.983189)   1818.18 0.07782
2009:095:18:00:00.00    3098302.54    7338967.00    -189551.27 01-08    00    (     0.289638,       34.075608)   1818.18 0.08376
2009:095:18:20:00.00    3382984.07    7201366.09    -437710.09 01-08    00    (     0.107511,       53.460974)   1818.18 0.08979
2009:095:18:40:00.00    3641777.97    7052226.93    -706677.78 01-08    00    (     0.284333,       56.694433)   1818.18 0.09565
2009:095:19:00:00.00    3872703.85    6892690.78    -994396.11 01-08    00    (     0.142972,      117.942987)   1818.18 0.10106
