# File contains phase error (in degrees) as a function of SNR
# SNR = 0 to 30 in steps of 0.01
 104.441
 104.043
 103.643
 103.243
 102.842
 102.440
 102.038
 101.635
 101.232
 100.828
 100.423
 100.018
  99.613
  99.206
  98.800
  98.393
  97.985
  97.577
  97.169
  96.760
  96.351
  95.941
  95.532
  95.121
  94.711
  94.300
  93.890
  93.478
  93.067
  92.656
  92.244
  91.832
  91.420
  91.008
  90.596
  90.184
  89.772
  89.359
  88.947
  88.535
  88.123
  87.711
  87.299
  86.887
  86.475
  86.064
  85.653
  85.241
  84.830
  84.420
  84.009
  83.599
  83.189
  82.780
  82.370
  81.962
  81.553
  81.145
  80.738
  80.330
  79.924
  79.517
  79.112
  78.707
  78.302
  77.898
  77.494
  77.091
  76.689
  76.288
  75.887
  75.486
  75.087
  74.688
  74.290
  73.893
  73.496
  73.101
  72.706
  72.312
  71.918
  71.526
  71.135
  70.744
  70.355
  69.966
  69.578
  69.192
  68.806
  68.421
  68.038
  67.655
  67.273
  66.893
  66.514
  66.135
  65.758
  65.382
  65.008
  64.634
  64.262
  63.891
  63.521
  63.152
  62.784
  62.418
  62.053
  61.690
  61.327
  60.967
  60.607
  60.249
  59.892
  59.536
  59.182
  58.829
  58.478
  58.128
  57.780
  57.433
  57.087
  56.743
  56.401
  56.060
  55.720
  55.382
  55.046
  54.711
  54.377
  54.045
  53.715
  53.386
  53.059
  52.734
  52.410
  52.088
  51.767
  51.448
  51.130
  50.815
  50.500
  50.188
  49.877
  49.568
  49.261
  48.955
  48.651
  48.348
  48.048
  47.749
  47.451
  47.156
  46.862
  46.570
  46.279
  45.990
  45.704
  45.418
  45.135
  44.853
  44.573
  44.295
  44.018
  43.743
  43.470
  43.199
  42.930
  42.662
  42.396
  42.132
  41.869
  41.608
  41.349
  41.092
  40.837
  40.583
  40.331
  40.081
  39.832
  39.586
  39.341
  39.098
  38.856
  38.616
  38.379
  38.142
  37.908
  37.675
  37.444
  37.215
  36.987
  36.761
  36.537
  36.315
  36.094
  35.875
  35.657
  35.442
  35.228
  35.016
  34.805
  34.596
  34.389
  34.183
  33.979
  33.777
  33.576
  33.377
  33.180
  32.984
  32.790
  32.597
  32.406
  32.217
  32.029
  31.843
  31.658
  31.475
  31.293
  31.113
  30.935
  30.758
  30.582
  30.408
  30.236
  30.065
  29.896
  29.728
  29.561
  29.396
  29.233
  29.071
  28.910
  28.751
  28.593
  28.436
  28.281
  28.128
  27.975
  27.824
  27.675
  27.527
  27.380
  27.234
  27.090
  26.947
  26.805
  26.665
  26.526
  26.388
  26.252
  26.116
  25.982
  25.849
  25.718
  25.587
  25.458
  25.330
  25.203
  25.078
  24.953
  24.830
  24.707
  24.586
  24.466
  24.347
  24.229
  24.113
  23.997
  23.882
  23.769
  23.656
  23.545
  23.434
  23.325
  23.217
  23.109
  23.003
  22.897
  22.793
  22.689
  22.587
  22.485
  22.384
  22.284
  22.185
  22.087
  21.990
  21.894
  21.798
  21.704
  21.610
  21.517
  21.425
  21.334
  21.244
  21.154
  21.065
  20.977
  20.890
  20.804
  20.718
  20.633
  20.549
  20.465
  20.382
  20.300
  20.219
  20.139
  20.059
  19.979
  19.901
  19.823
  19.746
  19.669
  19.593
  19.518
  19.443
  19.369
  19.296
  19.223
  19.151
  19.080
  19.009
  18.938
  18.868
  18.799
  18.731
  18.662
  18.595
  18.528
  18.461
  18.395
  18.330
  18.265
  18.201
  18.137
  18.073
  18.011
  17.948
  17.886
  17.825
  17.764
  17.703
  17.643
  17.584
  17.525
  17.466
  17.408
  17.350
  17.292
  17.236
  17.179
  17.123
  17.067
  17.012
  16.957
  16.902
  16.848
  16.795
  16.741
  16.688
  16.636
  16.584
  16.532
  16.480
  16.429
  16.378
  16.328
  16.278
  16.228
  16.179
  16.130
  16.081
  16.033
  15.985
  15.937
  15.889
  15.842
  15.795
  15.749
  15.703
  15.657
  15.611
  15.566
  15.521
  15.476
  15.432
  15.388
  15.344
  15.300
  15.257
  15.214
  15.171
  15.128
  15.086
  15.044
  15.002
  14.961
  14.919
  14.878
  14.838
  14.797
  14.757
  14.717
  14.677
  14.638
  14.598
  14.559
  14.520
  14.482
  14.443
  14.405
  14.367
  14.329
  14.292
  14.254
  14.217
  14.180
  14.143
  14.107
  14.071
  14.035
  13.999
  13.963
  13.927
  13.892
  13.857
  13.822
  13.787
  13.753
  13.718
  13.684
  13.650
  13.616
  13.583
  13.549
  13.516
  13.483
  13.450
  13.417
  13.384
  13.352
  13.320
  13.287
  13.255
  13.224
  13.192
  13.161
  13.129
  13.098
  13.067
  13.036
  13.006
  12.975
  12.945
  12.914
  12.884
  12.854
  12.825
  12.795
  12.765
  12.736
  12.707
  12.678
  12.649
  12.620
  12.591
  12.563
  12.534
  12.506
  12.478
  12.450
  12.422
  12.395
  12.367
  12.339
  12.312
  12.285
  12.258
  12.231
  12.204
  12.177
  12.151
  12.124
  12.098
  12.072
  12.045
  12.019
  11.994
  11.968
  11.942
  11.917
  11.891
  11.866
  11.841
  11.815
  11.790
  11.766
  11.741
  11.716
  11.692
  11.667
  11.643
  11.619
  11.594
  11.570
  11.547
  11.523
  11.499
  11.475
  11.452
  11.428
  11.405
  11.382
  11.359
  11.336
  11.313
  11.290
  11.267
  11.245
  11.222
  11.200
  11.177
  11.155
  11.133
  11.111
  11.089
  11.067
  11.045
  11.023
  11.001
  10.980
  10.958
  10.937
  10.916
  10.894
  10.873
  10.852
  10.831
  10.810
  10.790
  10.769
  10.748
  10.728
  10.707
  10.687
  10.667
  10.646
  10.626
  10.606
  10.586
  10.566
  10.546
  10.526
  10.507
  10.487
  10.468
  10.448
  10.429
  10.409
  10.390
  10.371
  10.352
  10.333
  10.314
  10.295
  10.276
  10.257
  10.239
  10.220
  10.202
  10.183
  10.165
  10.146
  10.128
  10.110
  10.092
  10.074
  10.056
  10.038
  10.020
  10.002
   9.984
   9.967
   9.949
   9.931
   9.914
   9.897
   9.879
   9.862
   9.845
   9.827
   9.810
   9.793
   9.776
   9.759
   9.742
   9.726
   9.709
   9.692
   9.676
   9.659
   9.642
   9.626
   9.610
   9.593
   9.577
   9.561
   9.545
   9.528
   9.512
   9.496
   9.480
   9.464
   9.449
   9.433
   9.417
   9.401
   9.386
   9.370
   9.355
   9.339
   9.324
   9.308
   9.293
   9.278
   9.262
   9.247
   9.232
   9.217
   9.202
   9.187
   9.172
   9.157
   9.142
   9.128
   9.113
   9.098
   9.084
   9.069
   9.055
   9.040
   9.026
   9.011
   8.997
   8.983
   8.968
   8.954
   8.940
   8.926
   8.912
   8.898
   8.884
   8.870
   8.856
   8.842
   8.828
   8.814
   8.801
   8.787
   8.773
   8.760
   8.746
   8.733
   8.719
   8.706
   8.692
   8.679
   8.666
   8.653
   8.639
   8.626
   8.613
   8.600
   8.587
   8.574
   8.561
   8.548
   8.535
   8.522
   8.509
   8.497
   8.484
   8.471
   8.459
   8.446
   8.433
   8.421
   8.408
   8.396
   8.383
   8.371
   8.359
   8.346
   8.334
   8.322
   8.310
   8.297
   8.285
   8.273
   8.261
   8.249
   8.237
   8.225
   8.213
   8.201
   8.189
   8.178
   8.166
   8.154
   8.142
   8.131
   8.119
   8.107
   8.096
   8.084
   8.073
   8.061
   8.050
   8.038
   8.027
   8.016
   8.004
   7.993
   7.982
   7.971
   7.959
   7.948
   7.937
   7.926
   7.915
   7.904
   7.893
   7.882
   7.871
   7.860
   7.849
   7.838
   7.828
   7.817
   7.806
   7.795
   7.785
   7.774
   7.763
   7.753
   7.742
   7.732
   7.721
   7.711
   7.700
   7.690
   7.679
   7.669
   7.658
   7.648
   7.638
   7.628
   7.617
   7.607
   7.597
   7.587
   7.577
   7.567
   7.557
   7.546
   7.536
   7.526
   7.516
   7.507
   7.497
   7.487
   7.477
   7.467
   7.457
   7.447
   7.438
   7.428
   7.418
   7.409
   7.399
   7.389
   7.380
   7.370
   7.361
   7.351
   7.342
   7.332
   7.323
   7.313
   7.304
   7.294
   7.285
   7.276
   7.266
   7.257
   7.248
   7.239
   7.229
   7.220
   7.211
   7.202
   7.193
   7.184
   7.175
   7.166
   7.157
   7.148
   7.139
   7.130
   7.121
   7.112
   7.103
   7.094
   7.085
   7.076
   7.068
   7.059
   7.050
   7.041
   7.033
   7.024
   7.015
   7.007
   6.998
   6.989
   6.981
   6.972
   6.964
   6.955
   6.947
   6.938
   6.930
   6.921
   6.913
   6.904
   6.896
   6.888
   6.879
   6.871
   6.863
   6.854
   6.846
   6.838
   6.830
   6.822
   6.813
   6.805
   6.797
   6.789
   6.781
   6.773
   6.765
   6.757
   6.749
   6.741
   6.733
   6.725
   6.717
   6.709
   6.701
   6.693
   6.685
   6.677
   6.670
   6.662
   6.654
   6.646
   6.638
   6.631
   6.623
   6.615
   6.608
   6.600
   6.592
   6.585
   6.577
   6.569
   6.562
   6.554
   6.547
   6.539
   6.532
   6.524
   6.517
   6.509
   6.502
   6.494
   6.487
   6.480
   6.472
   6.465
   6.458
   6.450
   6.443
   6.436
   6.428
   6.421
   6.414
   6.407
   6.400
   6.392
   6.385
   6.378
   6.371
   6.364
   6.357
   6.350
   6.342
   6.335
   6.328
   6.321
   6.314
   6.307
   6.300
   6.293
   6.286
   6.280
   6.273
   6.266
   6.259
   6.252
   6.245
   6.238
   6.231
   6.225
   6.218
   6.211
   6.204
   6.198
   6.191
   6.184
   6.177
   6.171
   6.164
   6.157
   6.151
   6.144
   6.137
   6.131
   6.124
   6.118
   6.111
   6.104
   6.098
   6.091
   6.085
   6.078
   6.072
   6.065
   6.059
   6.053
   6.046
   6.040
   6.033
   6.027
   6.021
   6.014
   6.008
   6.002
   5.995
   5.989
   5.983
   5.976
   5.970
   5.964
   5.958
   5.951
   5.945
   5.939
   5.933
   5.927
   5.921
   5.914
   5.908
   5.902
   5.896
   5.890
   5.884
   5.878
   5.872
   5.866
   5.860
   5.854
   5.848
   5.842
   5.836
   5.830
   5.824
   5.818
   5.812
   5.806
   5.800
   5.794
   5.788
   5.782
   5.776
   5.771
   5.765
   5.759
   5.753
   5.747
   5.742
   5.736
   5.730
   5.724
   5.719
   5.713
   5.707
   5.701
   5.696
   5.690
   5.684
   5.679
   5.673
   5.667
   5.662
   5.656
   5.650
   5.645
   5.639
   5.634
   5.628
   5.623
   5.617
   5.612
   5.606
   5.601
   5.595
   5.590
   5.584
   5.579
   5.573
   5.568
   5.562
   5.557
   5.551
   5.546
   5.541
   5.535
   5.530
   5.525
   5.519
   5.514
   5.509
   5.503
   5.498
   5.493
   5.487
   5.482
   5.477
   5.472
   5.466
   5.461
   5.456
   5.451
   5.445
   5.440
   5.435
   5.430
   5.425
   5.420
   5.414
   5.409
   5.404
   5.399
   5.394
   5.389
   5.384
   5.379
   5.374
   5.369
   5.363
   5.358
   5.353
   5.348
   5.343
   5.338
   5.333
   5.328
   5.323
   5.318
   5.314
   5.309
   5.304
   5.299
   5.294
   5.289
   5.284
   5.279
   5.274
   5.269
   5.264
   5.260
   5.255
   5.250
   5.245
   5.240
   5.235
   5.231
   5.226
   5.221
   5.216
   5.212
   5.207
   5.202
   5.197
   5.193
   5.188
   5.183
   5.178
   5.174
   5.169
   5.164
   5.160
   5.155
   5.150
   5.146
   5.141
   5.136
   5.132
   5.127
   5.123
   5.118
   5.113
   5.109
   5.104
   5.100
   5.095
   5.091
   5.086
   5.082
   5.077
   5.073
   5.068
   5.064
   5.059
   5.055
   5.050
   5.046
   5.041
   5.037
   5.032
   5.028
   5.023
   5.019
   5.015
   5.010
   5.006
   5.001
   4.997
   4.993
   4.988
   4.984
   4.980
   4.975
   4.971
   4.967
   4.962
   4.958
   4.954
   4.949
   4.945
   4.941
   4.937
   4.932
   4.928
   4.924
   4.920
   4.915
   4.911
   4.907
   4.903
   4.898
   4.894
   4.890
   4.886
   4.882
   4.877
   4.873
   4.869
   4.865
   4.861
   4.857
   4.853
   4.848
   4.844
   4.840
   4.836
   4.832
   4.828
   4.824
   4.820
   4.816
   4.812
   4.808
   4.804
   4.800
   4.796
   4.792
   4.787
   4.783
   4.779
   4.775
   4.771
   4.768
   4.764
   4.760
   4.756
   4.752
   4.748
   4.744
   4.740
   4.736
   4.732
   4.728
   4.724
   4.720
   4.716
   4.712
   4.709
   4.705
   4.701
   4.697
   4.693
   4.689
   4.685
   4.682
   4.678
   4.674
   4.670
   4.666
   4.662
   4.659
   4.655
   4.651
   4.647
   4.643
   4.640
   4.636
   4.632
   4.628
   4.625
   4.621
   4.617
   4.613
   4.610
   4.606
   4.602
   4.599
   4.595
   4.591
   4.587
   4.584
   4.580
   4.576
   4.573
   4.569
   4.565
   4.562
   4.558
   4.555
   4.551
   4.547
   4.544
   4.540
   4.536
   4.533
   4.529
   4.526
   4.522
   4.519
   4.515
   4.511
   4.508
   4.504
   4.501
   4.497
   4.494
   4.490
   4.487
   4.483
   4.480
   4.476
   4.473
   4.469
   4.466
   4.462
   4.459
   4.455
   4.452
   4.448
   4.445
   4.441
   4.438
   4.434
   4.431
   4.427
   4.424
   4.421
   4.417
   4.414
   4.410
   4.407
   4.404
   4.400
   4.397
   4.393
   4.390
   4.387
   4.383
   4.380
   4.377
   4.373
   4.370
   4.367
   4.363
   4.360
   4.357
   4.353
   4.350
   4.347
   4.343
   4.340
   4.337
   4.333
   4.330
   4.327
   4.324
   4.320
   4.317
   4.314
   4.311
   4.307
   4.304
   4.301
   4.298
   4.294
   4.291
   4.288
   4.285
   4.281
   4.278
   4.275
   4.272
   4.269
   4.265
   4.262
   4.259
   4.256
   4.253
   4.250
   4.246
   4.243
   4.240
   4.237
   4.234
   4.231
   4.228
   4.224
   4.221
   4.218
   4.215
   4.212
   4.209
   4.206
   4.203
   4.200
   4.197
   4.193
   4.190
   4.187
   4.184
   4.181
   4.178
   4.175
   4.172
   4.169
   4.166
   4.163
   4.160
   4.157
   4.154
   4.151
   4.148
   4.145
   4.142
   4.139
   4.136
   4.133
   4.130
   4.127
   4.124
   4.121
   4.118
   4.115
   4.112
   4.109
   4.106
   4.103
   4.100
   4.097
   4.094
   4.091
   4.088
   4.086
   4.083
   4.080
   4.077
   4.074
   4.071
   4.068
   4.065
   4.062
   4.059
   4.057
   4.054
   4.051
   4.048
   4.045
   4.042
   4.039
   4.036
   4.034
   4.031
   4.028
   4.025
   4.022
   4.019
   4.017
   4.014
   4.011
   4.008
   4.005
   4.003
   4.000
   3.997
   3.994
   3.991
   3.989
   3.986
   3.983
   3.980
   3.977
   3.975
   3.972
   3.969
   3.966
   3.964
   3.961
   3.958
   3.955
   3.953
   3.950
   3.947
   3.945
   3.942
   3.939
   3.936
   3.934
   3.931
   3.928
   3.926
   3.923
   3.920
   3.918
   3.915
   3.912
   3.909
   3.907
   3.904
   3.901
   3.899
   3.896
   3.893
   3.891
   3.888
   3.886
   3.883
   3.880
   3.878
   3.875
   3.872
   3.870
   3.867
   3.865
   3.862
   3.859
   3.857
   3.854
   3.852
   3.849
   3.846
   3.844
   3.841
   3.839
   3.836
   3.833
   3.831
   3.828
   3.826
   3.823
   3.821
   3.818
   3.816
   3.813
   3.810
   3.808
   3.805
   3.803
   3.800
   3.798
   3.795
   3.793
   3.790
   3.788
   3.785
   3.783
   3.780
   3.778
   3.775
   3.773
   3.770
   3.768
   3.765
   3.763
   3.760
   3.758
   3.755
   3.753
   3.750
   3.748
   3.746
   3.743
   3.741
   3.738
   3.736
   3.733
   3.731
   3.728
   3.726
   3.724
   3.721
   3.719
   3.716
   3.714
   3.711
   3.709
   3.707
   3.704
   3.702
   3.699
   3.697
   3.695
   3.692
   3.690
   3.688
   3.685
   3.683
   3.680
   3.678
   3.676
   3.673
   3.671
   3.669
   3.666
   3.664
   3.662
   3.659
   3.657
   3.655
   3.652
   3.650
   3.648
   3.645
   3.643
   3.641
   3.638
   3.636
   3.634
   3.631
   3.629
   3.627
   3.624
   3.622
   3.620
   3.618
   3.615
   3.613
   3.611
   3.608
   3.606
   3.604
   3.602
   3.599
   3.597
   3.595
   3.593
   3.590
   3.588
   3.586
   3.584
   3.581
   3.579
   3.577
   3.575
   3.572
   3.570
   3.568
   3.566
   3.563
   3.561
   3.559
   3.557
   3.555
   3.552
   3.550
   3.548
   3.546
   3.544
   3.541
   3.539
   3.537
   3.535
   3.533
   3.530
   3.528
   3.526
   3.524
   3.522
   3.520
   3.517
   3.515
   3.513
   3.511
   3.509
   3.507
   3.504
   3.502
   3.500
   3.498
   3.496
   3.494
   3.492
   3.490
   3.487
   3.485
   3.483
   3.481
   3.479
   3.477
   3.475
   3.473
   3.470
   3.468
   3.466
   3.464
   3.462
   3.460
   3.458
   3.456
   3.454
   3.452
   3.450
   3.447
   3.445
   3.443
   3.441
   3.439
   3.437
   3.435
   3.433
   3.431
   3.429
   3.427
   3.425
   3.423
   3.421
   3.419
   3.417
   3.415
   3.412
   3.410
   3.408
   3.406
   3.404
   3.402
   3.400
   3.398
   3.396
   3.394
   3.392
   3.390
   3.388
   3.386
   3.384
   3.382
   3.380
   3.378
   3.376
   3.374
   3.372
   3.370
   3.368
   3.366
   3.364
   3.362
   3.360
   3.358
   3.356
   3.354
   3.352
   3.351
   3.349
   3.347
   3.345
   3.343
   3.341
   3.339
   3.337
   3.335
   3.333
   3.331
   3.329
   3.327
   3.325
   3.323
   3.321
   3.319
   3.317
   3.316
   3.314
   3.312
   3.310
   3.308
   3.306
   3.304
   3.302
   3.300
   3.298
   3.296
   3.295
   3.293
   3.291
   3.289
   3.287
   3.285
   3.283
   3.281
   3.279
   3.278
   3.276
   3.274
   3.272
   3.270
   3.268
   3.266
   3.264
   3.263
   3.261
   3.259
   3.257
   3.255
   3.253
   3.251
   3.250
   3.248
   3.246
   3.244
   3.242
   3.240
   3.239
   3.237
   3.235
   3.233
   3.231
   3.229
   3.228
   3.226
   3.224
   3.222
   3.220
   3.219
   3.217
   3.215
   3.213
   3.211
   3.210
   3.208
   3.206
   3.204
   3.202
   3.201
   3.199
   3.197
   3.195
   3.193
   3.192
   3.190
   3.188
   3.186
   3.184
   3.183
   3.181
   3.179
   3.177
   3.176
   3.174
   3.172
   3.170
   3.169
   3.167
   3.165
   3.163
   3.162
   3.160
   3.158
   3.156
   3.155
   3.153
   3.151
   3.149
   3.148
   3.146
   3.144
   3.143
   3.141
   3.139
   3.137
   3.136
   3.134
   3.132
   3.130
   3.129
   3.127
   3.125
   3.124
   3.122
   3.120
   3.119
   3.117
   3.115
   3.113
   3.112
   3.110
   3.108
   3.107
   3.105
   3.103
   3.102
   3.100
   3.098
   3.097
   3.095
   3.093
   3.092
   3.090
   3.088
   3.087
   3.085
   3.083
   3.082
   3.080
   3.078
   3.077
   3.075
   3.073
   3.072
   3.070
   3.068
   3.067
   3.065
   3.063
   3.062
   3.060
   3.059
   3.057
   3.055
   3.054
   3.052
   3.050
   3.049
   3.047
   3.045
   3.044
   3.042
   3.041
   3.039
   3.037
   3.036
   3.034
   3.033
   3.031
   3.029
   3.028
   3.026
   3.025
   3.023
   3.021
   3.020
   3.018
   3.017
   3.015
   3.013
   3.012
   3.010
   3.009
   3.007
   3.005
   3.004
   3.002
   3.001
   2.999
   2.998
   2.996
   2.994
   2.993
   2.991
   2.990
   2.988
   2.987
   2.985
   2.984
   2.982
   2.980
   2.979
   2.977
   2.976
   2.974
   2.973
   2.971
   2.970
   2.968
   2.967
   2.965
   2.963
   2.962
   2.960
   2.959
   2.957
   2.956
   2.954
   2.953
   2.951
   2.950
   2.948
   2.947
   2.945
   2.944
   2.942
   2.941
   2.939
   2.938
   2.936
   2.935
   2.933
   2.932
   2.930
   2.929
   2.927
   2.926
   2.924
   2.923
   2.921
   2.920
   2.918
   2.917
   2.915
   2.914
   2.912
   2.911
   2.909
   2.908
   2.906
   2.905
   2.903
   2.902
   2.900
   2.899
   2.897
   2.896
   2.895
   2.893
   2.892
   2.890
   2.889
   2.887
   2.886
   2.884
   2.883
   2.881
   2.880
   2.878
   2.877
   2.876
   2.874
   2.873
   2.871
   2.870
   2.868
   2.867
   2.866
   2.864
   2.863
   2.861
   2.860
   2.858
   2.857
   2.856
   2.854
   2.853
   2.851
   2.850
   2.848
   2.847
   2.846
   2.844
   2.843
   2.841
   2.840
   2.839
   2.837
   2.836
   2.834
   2.833
   2.831
   2.830
   2.829
   2.827
   2.826
   2.825
   2.823
   2.822
   2.820
   2.819
   2.818
   2.816
   2.815
   2.813
   2.812
   2.811
   2.809
   2.808
   2.806
   2.805
   2.804
   2.802
   2.801
   2.800
   2.798
   2.797
   2.796
   2.794
   2.793
   2.791
   2.790
   2.789
   2.787
   2.786
   2.785
   2.783
   2.782
   2.781
   2.779
   2.778
   2.777
   2.775
   2.774
   2.773
   2.771
   2.770
   2.768
   2.767
   2.766
   2.764
   2.763
   2.762
   2.760
   2.759
   2.758
   2.756
   2.755
   2.754
   2.753
   2.751
   2.750
   2.749
   2.747
   2.746
   2.745
   2.743
   2.742
   2.741
   2.739
   2.738
   2.737
   2.735
   2.734
   2.733
   2.731
   2.730
   2.729
   2.728
   2.726
   2.725
   2.724
   2.722
   2.721
   2.720
   2.719
   2.717
   2.716
   2.715
   2.713
   2.712
   2.711
   2.709
   2.708
   2.707
   2.706
   2.704
   2.703
   2.702
   2.701
   2.699
   2.698
   2.697
   2.695
   2.694
   2.693
   2.692
   2.690
   2.689
   2.688
   2.687
   2.685
   2.684
   2.683
   2.682
   2.680
   2.679
   2.678
   2.677
   2.675
   2.674
   2.673
   2.672
   2.670
   2.669
   2.668
   2.667
   2.665
   2.664
   2.663
   2.662
   2.660
   2.659
   2.658
   2.657
   2.655
   2.654
   2.653
   2.652
   2.651
   2.649
   2.648
   2.647
   2.646
   2.644
   2.643
   2.642
   2.641
   2.640
   2.638
   2.637
   2.636
   2.635
   2.633
   2.632
   2.631
   2.630
   2.629
   2.627
   2.626
   2.625
   2.624
   2.623
   2.621
   2.620
   2.619
   2.618
   2.617
   2.615
   2.614
   2.613
   2.612
   2.611
   2.609
   2.608
   2.607
   2.606
   2.605
   2.603
   2.602
   2.601
   2.600
   2.599
   2.598
   2.596
   2.595
   2.594
   2.593
   2.592
   2.591
   2.589
   2.588
   2.587
   2.586
   2.585
   2.584
   2.582
   2.581
   2.580
   2.579
   2.578
   2.577
   2.575
   2.574
   2.573
   2.572
   2.571
   2.570
   2.568
   2.567
   2.566
   2.565
   2.564
   2.563
   2.562
   2.560
   2.559
   2.558
   2.557
   2.556
   2.555
   2.554
   2.552
   2.551
   2.550
   2.549
   2.548
   2.547
   2.546
   2.544
   2.543
   2.542
   2.541
   2.540
   2.539
   2.538
   2.537
   2.535
   2.534
   2.533
   2.532
   2.531
   2.530
   2.529
   2.528
   2.527
   2.525
   2.524
   2.523
   2.522
   2.521
   2.520
   2.519
   2.518
   2.517
   2.515
   2.514
   2.513
   2.512
   2.511
   2.510
   2.509
   2.508
   2.507
   2.505
   2.504
   2.503
   2.502
   2.501
   2.500
   2.499
   2.498
   2.497
   2.496
   2.495
   2.493
   2.492
   2.491
   2.490
   2.489
   2.488
   2.487
   2.486
   2.485
   2.484
   2.483
   2.482
   2.481
   2.479
   2.478
   2.477
   2.476
   2.475
   2.474
   2.473
   2.472
   2.471
   2.470
   2.469
   2.468
   2.467
   2.466
   2.465
   2.463
   2.462
   2.461
   2.460
   2.459
   2.458
   2.457
   2.456
   2.455
   2.454
   2.453
   2.452
   2.451
   2.450
   2.449
   2.448
   2.447
   2.446
   2.445
   2.443
   2.442
   2.441
   2.440
   2.439
   2.438
   2.437
   2.436
   2.435
   2.434
   2.433
   2.432
   2.431
   2.430
   2.429
   2.428
   2.427
   2.426
   2.425
   2.424
   2.423
   2.422
   2.421
   2.420
   2.419
   2.418
   2.417
   2.416
   2.415
   2.414
   2.413
   2.412
   2.411
   2.410
   2.409
   2.407
   2.406
   2.405
   2.404
   2.403
   2.402
   2.401
   2.400
   2.399
   2.398
   2.397
   2.396
   2.395
   2.394
   2.393
   2.392
   2.391
   2.390
   2.389
   2.388
   2.387
   2.386
   2.385
   2.384
   2.383
   2.382
   2.381
   2.380
   2.379
   2.378
   2.377
   2.377
   2.376
   2.375
   2.374
   2.373
   2.372
   2.371
   2.370
   2.369
   2.368
   2.367
   2.366
   2.365
   2.364
   2.363
   2.362
   2.361
   2.360
   2.359
   2.358
   2.357
   2.356
   2.355
   2.354
   2.353
   2.352
   2.351
   2.350
   2.349
   2.348
   2.347
   2.346
   2.345
   2.344
   2.343
   2.342
   2.342
   2.341
   2.340
   2.339
   2.338
   2.337
   2.336
   2.335
   2.334
   2.333
   2.332
   2.331
   2.330
   2.329
   2.328
   2.327
   2.326
   2.325
   2.324
   2.323
   2.323
   2.322
   2.321
   2.320
   2.319
   2.318
   2.317
   2.316
   2.315
   2.314
   2.313
   2.312
   2.311
   2.310
   2.309
   2.308
   2.308
   2.307
   2.306
   2.305
   2.304
   2.303
   2.302
   2.301
   2.300
   2.299
   2.298
   2.297
   2.296
   2.296
   2.295
   2.294
   2.293
   2.292
   2.291
   2.290
   2.289
   2.288
   2.287
   2.286
   2.285
   2.285
   2.284
   2.283
   2.282
   2.281
   2.280
   2.279
   2.278
   2.277
   2.276
   2.275
   2.275
   2.274
   2.273
   2.272
   2.271
   2.270
   2.269
   2.268
   2.267
   2.266
   2.266
   2.265
   2.264
   2.263
   2.262
   2.261
   2.260
   2.259
   2.258
   2.257
   2.257
   2.256
   2.255
   2.254
   2.253
   2.252
   2.251
   2.250
   2.250
   2.249
   2.248
   2.247
   2.246
   2.245
   2.244
   2.243
   2.242
   2.242
   2.241
   2.240
   2.239
   2.238
   2.237
   2.236
   2.235
   2.235
   2.234
   2.233
   2.232
   2.231
   2.230
   2.229
   2.228
   2.228
   2.227
   2.226
   2.225
   2.224
   2.223
   2.222
   2.222
   2.221
   2.220
   2.219
   2.218
   2.217
   2.216
   2.216
   2.215
   2.214
   2.213
   2.212
   2.211
   2.210
   2.210
   2.209
   2.208
   2.207
   2.206
   2.205
   2.204
   2.204
   2.203
   2.202
   2.201
   2.200
   2.199
   2.199
   2.198
   2.197
   2.196
   2.195
   2.194
   2.193
   2.193
   2.192
   2.191
   2.190
   2.189
   2.188
   2.188
   2.187
   2.186
   2.185
   2.184
   2.183
   2.183
   2.182
   2.181
   2.180
   2.179
   2.178
   2.178
   2.177
   2.176
   2.175
   2.174
   2.174
   2.173
   2.172
   2.171
   2.170
   2.169
   2.169
   2.168
   2.167
   2.166
   2.165
   2.164
   2.164
   2.163
   2.162
   2.161
   2.160
   2.160
   2.159
   2.158
   2.157
   2.156
   2.156
   2.155
   2.154
   2.153
   2.152
   2.151
   2.151
   2.150
   2.149
   2.148
   2.147
   2.147
   2.146
   2.145
   2.144
   2.143
   2.143
   2.142
   2.141
   2.140
   2.139
   2.139
   2.138
   2.137
   2.136
   2.135
   2.135
   2.134
   2.133
   2.132
   2.131
   2.131
   2.130
   2.129
   2.128
   2.127
   2.127
   2.126
   2.125
   2.124
   2.124
   2.123
   2.122
   2.121
   2.120
   2.120
   2.119
   2.118
   2.117
   2.116
   2.116
   2.115
   2.114
   2.113
   2.113
   2.112
   2.111
   2.110
   2.109
   2.109
   2.108
   2.107
   2.106
   2.106
   2.105
   2.104
   2.103
   2.102
   2.102
   2.101
   2.100
   2.099
   2.099
   2.098
   2.097
   2.096
   2.096
   2.095
   2.094
   2.093
   2.092
   2.092
   2.091
   2.090
   2.089
   2.089
   2.088
   2.087
   2.086
   2.086
   2.085
   2.084
   2.083
   2.083
   2.082
   2.081
   2.080
   2.080
   2.079
   2.078
   2.077
   2.077
   2.076
   2.075
   2.074
   2.074
   2.073
   2.072
   2.071
   2.071
   2.070
   2.069
   2.068
   2.068
   2.067
   2.066
   2.065
   2.065
   2.064
   2.063
   2.062
   2.062
   2.061
   2.060
   2.059
   2.059
   2.058
   2.057
   2.056
   2.056
   2.055
   2.054
   2.053
   2.053
   2.052
   2.051
   2.051
   2.050
   2.049
   2.048
   2.048
   2.047
   2.046
   2.045
   2.045
   2.044
   2.043
   2.042
   2.042
   2.041
   2.040
   2.040
   2.039
   2.038
   2.037
   2.037
   2.036
   2.035
   2.034
   2.034
   2.033
   2.032
   2.032
   2.031
   2.030
   2.029
   2.029
   2.028
   2.027
   2.027
   2.026
   2.025
   2.024
   2.024
   2.023
   2.022
   2.022
   2.021
   2.020
   2.019
   2.019
   2.018
   2.017
   2.017
   2.016
   2.015
   2.014
   2.014
   2.013
   2.012
   2.012
   2.011
   2.010
   2.010
   2.009
   2.008
   2.007
   2.007
   2.006
   2.005
   2.005
   2.004
   2.003
   2.002
   2.002
   2.001
   2.000
   2.000
   1.999
   1.998
   1.998
   1.997
   1.996
   1.995
   1.995
   1.994
   1.993
   1.993
   1.992
   1.991
   1.991
   1.990
   1.989
   1.989
   1.988
   1.987
   1.986
   1.986
   1.985
   1.984
   1.984
   1.983
   1.982
   1.982
   1.981
   1.980
   1.980
   1.979
   1.978
   1.978
   1.977
   1.976
   1.976
   1.975
   1.974
   1.973
   1.973
   1.972
   1.971
   1.971
   1.970
   1.969
   1.969
   1.968
   1.967
   1.967
   1.966
   1.965
   1.965
   1.964
   1.963
   1.963
   1.962
   1.961
   1.961
   1.960
   1.959
   1.959
   1.958
   1.957
   1.957
   1.956
   1.955
   1.955
   1.954
   1.953
   1.953
   1.952
   1.951
   1.951
   1.950
   1.949
   1.949
   1.948
   1.947
   1.947
   1.946
   1.945
   1.945
   1.944
   1.943
   1.943
   1.942
   1.941
   1.941
   1.940
   1.939
   1.939
   1.938
   1.937
   1.937
   1.936
   1.935
   1.935
   1.934
   1.934
   1.933
   1.932
   1.932
   1.931
   1.930
   1.930
   1.929
   1.928
   1.928
   1.927
   1.926
   1.926
   1.925
   1.924
   1.924
   1.923
   1.922
   1.922
   1.921
   1.921
   1.920
   1.919
   1.919
   1.918
   1.917
   1.917
   1.916
   1.915
   1.915
   1.914
   1.913
   1.913
   1.912
   1.912
   1.911

